% time	cellId	IMSI	RNTI	frame	sframe	pscchRi	pscchF1	pscchSF1	pscchF2	pscchSF2	mcs	TBS	psschRB	psschLen	pssch_itrp
3516	0	20	20	353	1	327	353	8	354	4	10	173	8	8	5
4156	0	9	9	417	1	312	417	9	418	4	10	173	0	8	2
4156	0	14	14	417	1	175	418	1	418	6	10	173	8	8	1
4156	0	41	41	417	1	88	417	9	418	5	10	173	8	8	6
4156	0	50	50	417	1	47	417	3	418	6	10	173	0	8	0
4236	0	30	30	425	1	236	426	2	426	3	10	173	0	8	0
4236	0	31	31	425	1	267	426	2	426	4	10	173	32	8	0
4236	0	32	32	425	1	52	425	5	425	9	10	173	32	8	5
4236	0	33	33	425	1	110	425	6	426	5	10	173	0	8	2
4236	0	34	34	425	1	2	425	3	425	4	10	173	40	8	2
4236	0	35	35	425	1	236	426	2	426	3	10	173	16	8	7
4236	0	38	38	425	1	298	426	1	426	5	10	173	0	8	3
4236	0	40	40	425	1	149	425	6	426	6	10	173	32	8	3
4236	0	47	47	425	1	173	425	9	426	4	10	173	24	8	1
4236	0	48	48	425	1	34	425	3	425	6	10	173	8	8	3
4236	0	49	49	425	1	292	425	5	425	9	10	173	0	8	1
4316	0	1	1	433	1	199	433	5	433	8	10	173	8	8	0
4316	0	5	5	433	1	303	433	4	434	6	10	173	16	8	3
4316	0	24	24	433	1	217	433	8	433	10	10	173	24	8	5
4316	0	44	44	433	1	259	433	4	433	6	10	173	16	8	6
4316	0	46	46	433	1	175	434	1	434	6	10	173	24	8	1
4396	0	12	12	441	1	194	441	3	442	6	10	173	0	8	7
4396	0	22	22	441	1	292	441	5	441	9	10	173	32	8	7
4396	0	28	28	441	1	18	441	3	441	5	10	173	32	8	0
4396	0	37	37	441	1	118	441	7	442	5	10	173	16	8	3
4476	0	8	8	449	1	30	449	1	450	5	10	173	24	8	0
4476	0	16	16	449	1	152	449	3	449	9	10	173	24	8	5
4476	0	17	17	449	1	346	449	2	450	1	10	173	40	8	7
4476	0	20	20	449	1	329	449	10	450	6	10	173	32	8	3
4476	0	23	23	449	1	169	449	5	449	10	10	173	0	8	7
4476	0	45	45	449	1	14	450	5	450	6	10	173	32	8	2
4556	0	15	15	457	1	308	457	5	457	10	10	173	40	8	1
4556	0	25	25	457	1	168	457	4	457	9	10	173	0	8	2
4556	0	36	36	457	1	112	457	1	457	9	10	173	0	8	6
4556	0	42	42	457	1	178	457	3	458	5	10	173	40	8	4
4556	0	43	43	457	1	197	457	3	457	6	10	173	16	8	7
4956	0	9	9	497	1	32	497	1	497	4	10	173	8	8	7
4956	0	39	39	497	1	253	498	4	498	5	10	173	8	8	0
4956	0	41	41	497	1	299	498	2	498	6	10	173	8	8	6
4956	0	50	50	497	1	220	498	1	498	3	10	173	8	8	1
5036	0	14	14	505	1	190	506	1	506	5	10	173	24	8	3
5036	0	30	30	505	1	320	505	1	505	7	10	173	24	8	2
5036	0	33	33	505	1	77	505	3	506	4	10	173	16	8	7
5036	0	40	40	505	1	211	505	2	505	4	10	173	0	8	3
5036	0	47	47	505	1	188	505	9	506	3	10	173	32	8	5
5116	0	31	31	513	1	263	513	8	513	10	10	173	40	8	7
5116	0	32	32	513	1	235	514	1	514	2	10	173	24	8	5
5116	0	34	34	513	1	90	513	1	514	1	10	173	24	8	3
5116	0	35	35	513	1	293	513	6	513	10	10	173	16	8	0
5116	0	38	38	513	1	161	513	2	514	3	10	173	24	8	0
5116	0	48	48	513	1	231	513	7	513	8	10	173	8	8	7
5196	0	1	1	521	1	296	521	9	522	3	10	173	32	8	4
5196	0	24	24	521	1	200	521	6	521	9	10	173	0	8	3
5196	0	44	44	521	1	315	521	1	522	2	10	173	16	8	6
5196	0	46	46	521	1	347	521	3	522	2	10	173	16	8	2
5276	0	5	5	529	1	74	530	1	530	6	10	173	40	8	7
5276	0	12	12	529	1	72	529	9	530	4	10	173	40	8	4
5356	0	16	16	537	1	214	537	5	537	7	10	173	40	8	1
5356	0	23	23	537	1	313	537	10	538	5	10	173	32	8	7
5356	0	37	37	537	1	241	537	2	537	3	10	173	40	8	6
5356	0	45	45	537	1	218	537	9	538	1	10	173	0	8	1
5436	0	17	17	545	1	83	545	4	545	10	10	173	16	8	2
5436	0	20	20	545	1	228	545	4	545	5	10	173	8	8	0
5516	0	12	12	553	1	321	553	2	553	8	10	173	40	8	6
5516	0	25	25	553	1	295	553	8	554	2	10	173	16	8	4
5516	0	36	36	553	1	348	553	4	554	3	10	173	40	8	3
5516	0	43	43	553	1	257	553	2	553	4	10	173	32	8	7
5756	0	9	9	577	1	276	577	5	577	8	10	173	24	8	6
5756	0	50	50	577	1	289	577	2	577	6	10	173	24	8	6
5836	0	14	14	585	1	243	585	4	585	5	10	173	8	8	3
5916	0	30	30	593	1	46	593	2	594	5	10	173	16	8	7
5916	0	33	33	593	1	280	593	9	594	2	10	173	24	8	3
5916	0	35	35	593	1	346	593	2	594	1	10	173	40	8	6
5916	0	38	38	593	1	321	593	2	593	8	10	173	32	8	1
5916	0	40	40	593	1	245	593	6	593	7	10	173	0	8	1
5916	0	47	47	593	1	232	593	8	593	9	10	173	16	8	4
5996	0	31	31	601	1	98	601	3	601	10	10	173	0	8	6
5996	0	32	32	601	1	316	601	2	602	3	10	173	24	8	1
5996	0	34	34	601	1	103	601	8	602	5	10	173	16	8	2
5996	0	48	48	601	1	112	601	1	601	9	10	173	32	8	0
6076	0	1	1	609	1	314	610	1	610	6	10	173	40	8	7
6076	0	44	44	609	1	122	609	3	610	1	10	173	16	8	2
6076	0	46	46	609	1	44	610	3	610	6	10	173	16	8	5
6156	0	5	5	617	1	242	617	3	617	4	10	173	24	8	3
6156	0	24	24	617	1	30	617	1	618	5	10	173	24	8	3
6236	0	12	12	625	1	218	625	9	626	1	10	173	8	8	5
6236	0	28	28	625	1	269	626	4	626	6	10	173	0	8	5
6236	0	37	37	625	1	156	625	7	626	3	10	173	16	8	4
6316	0	16	16	633	1	114	633	3	634	1	10	173	8	8	2
6316	0	23	23	633	1	122	633	3	634	1	10	173	8	8	2
6316	0	45	45	633	1	75	633	1	634	2	10	173	24	8	6
6396	0	17	17	641	1	41	641	10	642	3	10	173	32	8	5
6396	0	20	20	641	1	116	641	5	642	3	10	173	16	8	3
6476	0	25	25	649	1	219	649	10	650	2	10	173	0	8	7
6476	0	36	36	649	1	223	650	4	650	6	10	173	8	8	5
6556	0	10	10	657	1	30	657	1	658	5	10	173	24	8	7
6636	0	14	14	665	1	13	666	4	666	5	10	173	40	8	1
6716	0	30	30	673	1	305	673	2	673	7	10	173	40	8	5
6716	0	40	40	673	1	215	673	6	673	8	10	173	24	8	5
6716	0	47	47	673	1	49	673	2	673	6	10	173	0	8	5
6796	0	33	33	681	1	217	681	8	681	10	10	173	0	8	2
6796	0	38	38	681	1	145	681	2	682	2	10	173	0	8	6
6876	0	31	31	689	1	65	689	2	689	7	10	173	24	8	7
6876	0	32	32	689	1	9	689	10	690	1	10	173	32	8	5
6876	0	34	34	689	1	192	689	1	690	4	10	173	0	8	0
6876	0	48	48	689	1	128	689	1	689	10	10	173	32	8	6
6956	0	44	44	697	1	236	698	2	698	3	10	173	40	8	6
6956	0	46	46	697	1	261	697	6	697	8	10	173	24	8	5
7036	0	24	24	705	1	250	706	1	706	2	10	173	24	8	6
7116	0	5	5	713	1	173	713	9	714	4	10	173	24	8	6
7116	0	10	10	713	1	102	713	7	714	4	10	173	16	8	4
7196	0	28	28	721	1	68	721	5	721	10	10	173	40	8	6
7196	0	37	37	721	1	139	721	5	722	2	10	173	32	8	2
7276	0	16	16	729	1	39	729	8	730	1	10	173	8	8	0
7276	0	23	23	729	1	303	729	4	730	6	10	173	40	8	3
7276	0	45	45	729	1	327	729	8	730	4	10	173	8	8	4
7356	0	9	9	737	1	243	737	4	737	5	10	173	40	8	1
7356	0	20	20	737	1	305	737	2	737	7	10	173	24	8	4
7356	0	50	50	737	1	22	737	7	737	9	10	173	0	8	4
7436	0	41	41	745	1	81	745	2	745	8	10	173	24	8	6
7516	0	13	13	753	1	69	753	6	754	1	10	173	16	8	1
7516	0	25	25	753	1	140	753	6	754	3	10	173	32	8	4
7516	0	36	36	753	1	242	753	3	753	4	10	173	8	8	5
7516	0	43	43	753	1	249	753	10	754	1	10	173	8	8	1
7596	0	33	33	761	1	112	761	1	761	9	10	173	40	8	6
7676	0	38	38	769	1	143	769	9	770	6	10	173	16	8	1
7756	0	31	31	777	1	37	777	6	777	9	10	173	24	8	7
7756	0	32	32	777	1	81	777	2	777	8	10	173	40	8	0
7756	0	34	34	777	1	115	777	4	778	2	10	173	32	8	4
7756	0	48	48	777	1	140	777	6	778	3	10	173	24	8	1
7836	0	44	44	785	1	280	785	9	786	2	10	173	0	8	3
7836	0	46	46	785	1	234	785	10	786	1	10	173	40	8	7
7996	0	5	5	801	1	169	801	5	801	10	10	173	32	8	1
7996	0	10	10	801	1	220	802	1	802	3	10	173	8	8	1
8156	0	9	9	817	1	99	817	4	818	1	10	173	8	8	4
8156	0	37	37	817	1	144	817	1	818	1	10	173	24	8	1
8156	0	50	50	817	1	242	817	3	817	4	10	173	40	8	1
8236	0	16	16	825	1	69	825	6	826	1	10	173	8	8	3
8236	0	23	23	825	1	55	825	8	826	2	10	173	32	8	5
8236	0	41	41	825	1	114	825	3	826	1	10	173	24	8	1
8236	0	45	45	825	1	213	825	4	825	6	10	173	16	8	3
8316	0	14	14	833	1	212	833	3	833	5	10	173	40	8	4
8396	0	30	30	841	1	16	841	1	841	3	10	173	40	8	1
8396	0	40	40	841	1	202	841	8	842	1	10	173	0	8	2
8396	0	47	47	841	1	92	841	3	842	3	10	173	32	8	0
8476	0	25	25	849	1	90	849	1	850	1	10	173	0	8	7
8476	0	36	36	849	1	122	849	3	850	1	10	173	32	8	3
8556	0	31	31	857	1	106	857	2	858	1	10	173	32	8	1
8556	0	34	34	857	1	351	857	7	858	6	10	173	8	8	4
8556	0	43	43	857	1	10	858	1	858	2	10	173	16	8	7
8636	0	32	32	865	1	238	866	4	866	5	10	173	24	8	6
8636	0	48	48	865	1	152	865	3	865	9	10	173	16	8	5
8716	0	44	44	873	1	160	873	1	874	2	10	173	40	8	7
8796	0	46	46	881	1	54	881	7	882	1	10	173	0	8	0
8876	0	5	5	889	1	134	889	7	890	6	10	173	8	8	1
8956	0	9	9	897	1	201	897	7	897	10	10	173	40	8	6
8956	0	50	50	897	1	169	897	5	897	10	10	173	40	8	2
9036	0	28	28	905	1	251	906	2	906	3	10	173	8	8	2
9036	0	37	37	905	1	350	905	6	906	5	10	173	16	8	4
9036	0	41	41	905	1	3	905	4	905	5	10	173	0	8	4
9116	0	14	14	913	1	142	913	8	914	5	10	173	32	8	3
9196	0	23	23	921	1	133	921	6	922	5	10	173	0	8	5
9196	0	45	45	921	1	157	921	8	922	4	10	173	24	8	5
9196	0	47	47	921	1	77	921	3	922	4	10	173	40	8	7
9276	0	20	20	929	1	262	929	7	929	9	10	173	0	8	2
9276	0	30	30	929	1	140	929	6	930	3	10	173	40	8	1
9276	0	33	33	929	1	171	929	7	930	2	10	173	40	8	5
9276	0	40	40	929	1	289	929	2	929	6	10	173	40	8	1
9356	0	38	38	937	1	124	937	5	938	3	10	173	32	8	5
9516	0	25	25	953	1	77	953	3	954	4	10	173	8	8	0
9516	0	43	43	953	1	193	953	2	954	5	10	173	8	8	2
10556	0	34	34	33	1	236	34	2	34	3	10	173	8	8	5
10876	0	30	30	65	1	34	65	3	65	6	10	173	32	8	4
10876	0	37	37	65	1	18	65	3	65	5	10	173	32	8	7
10876	0	47	47	65	1	7	65	8	65	9	10	173	32	8	0
10956	0	28	28	73	1	22	73	7	73	9	10	173	0	8	2
10956	0	33	33	73	1	177	73	2	74	4	10	173	24	8	5
10956	0	40	40	73	1	281	73	10	74	3	10	173	0	8	1
11116	0	23	23	89	1	253	90	4	90	5	10	173	16	8	7
11196	0	31	31	97	1	132	97	5	98	4	10	173	16	8	2
11196	0	32	32	97	1	321	97	2	97	8	10	173	24	8	7
11196	0	34	34	97	1	186	97	7	98	1	10	173	24	8	5
11196	0	48	48	97	1	127	97	8	98	6	10	173	24	8	6
11356	0	50	50	113	1	288	113	1	113	5	10	173	16	8	1
11436	0	9	9	121	1	131	121	4	122	3	10	173	32	8	7
11436	0	44	44	121	1	5	121	6	121	7	10	173	16	8	0
11436	0	46	46	121	1	294	121	7	122	1	10	173	24	8	1
11516	0	18	18	129	1	314	130	1	130	6	10	173	16	8	4
11516	0	25	25	129	1	147	129	4	130	4	10	173	8	8	7
11516	0	43	43	129	1	200	129	6	129	9	10	173	24	8	7
11596	0	5	5	137	1	55	137	8	138	2	10	173	16	8	3
11596	0	14	14	137	1	198	137	4	137	7	10	173	40	8	6
11756	0	30	30	153	1	27	154	2	154	4	10	173	8	8	3
11756	0	40	40	153	1	237	154	3	154	4	10	173	0	8	1
11756	0	47	47	153	1	24	153	9	154	1	10	173	32	8	1
11836	0	28	28	161	1	108	161	4	162	3	10	173	8	8	5
11836	0	33	33	161	1	160	161	1	162	2	10	173	40	8	0
11836	0	35	35	161	1	243	161	4	161	5	10	173	0	8	1
11836	0	37	37	161	1	221	162	2	162	4	10	173	16	8	0
11916	0	38	38	169	1	246	169	7	169	8	10	173	32	8	6
11996	0	23	23	177	1	50	177	3	177	7	10	173	16	8	1
12076	0	31	31	185	1	49	185	2	185	6	10	173	16	8	4
12076	0	32	32	185	1	136	185	2	185	9	10	173	40	8	0
12076	0	34	34	185	1	201	185	7	185	10	10	173	0	8	5
12076	0	45	45	185	1	80	185	1	185	7	10	173	24	8	5
12076	0	48	48	185	1	94	185	5	186	5	10	173	0	8	7
12156	0	50	50	193	1	162	193	3	194	4	10	173	16	8	5
12236	0	1	1	201	1	183	201	4	201	8	10	173	40	8	2
12236	0	9	9	201	1	311	201	8	202	3	10	173	8	8	5
12316	0	41	41	209	1	93	209	4	210	4	10	173	8	8	6
12316	0	44	44	209	1	297	209	10	210	4	10	173	40	8	5
12316	0	46	46	209	1	324	209	5	210	1	10	173	24	8	1
12396	0	36	36	217	1	282	218	1	218	4	10	173	16	8	1
12476	0	25	25	225	1	9	225	10	226	1	10	173	8	8	4
12476	0	43	43	225	1	87	225	8	226	4	10	173	16	8	2
12556	0	12	12	233	1	261	233	6	233	8	10	173	0	8	4
12636	0	33	33	241	1	341	241	6	242	3	10	173	32	8	7
12796	0	28	28	257	1	297	257	10	258	4	10	173	40	8	5
12796	0	37	37	257	1	131	257	4	258	3	10	173	16	8	7
12796	0	38	38	257	1	102	257	7	258	4	10	173	8	8	3
12876	0	34	34	265	1	67	265	4	265	9	10	173	24	8	2
12956	0	23	23	273	1	121	273	2	273	10	10	173	8	8	0
12956	0	31	31	273	1	168	273	4	273	9	10	173	0	8	4
12956	0	32	32	273	1	285	273	1	274	4	10	173	32	8	7
12956	0	48	48	273	1	46	273	2	274	5	10	173	16	8	6
12956	0	50	50	273	1	280	273	9	274	2	10	173	32	8	2
13036	0	9	9	281	1	178	281	3	282	5	10	173	0	8	3
13036	0	45	45	281	1	221	282	2	282	4	10	173	0	8	1
13116	0	1	1	289	1	234	289	10	290	1	10	173	24	8	1
13116	0	41	41	289	1	89	289	10	290	6	10	173	0	8	5
13196	0	14	14	297	1	64	297	1	297	6	10	173	16	8	4
13196	0	20	20	297	1	265	297	10	298	2	10	173	16	8	6
13196	0	44	44	297	1	196	297	2	297	5	10	173	16	8	2
13196	0	46	46	297	1	218	297	9	298	1	10	173	8	8	3
13436	0	30	30	321	1	72	321	9	322	4	10	173	0	8	4
13436	0	40	40	321	1	282	322	1	322	4	10	173	32	8	3
13436	0	47	47	321	1	250	322	1	322	2	10	173	24	8	3
13516	0	43	43	329	1	137	329	3	329	10	10	173	32	8	0
13516	0	49	49	329	1	173	329	9	330	4	10	173	16	8	3
13596	0	38	38	337	1	207	338	3	338	6	10	173	0	8	0
13676	0	37	37	345	1	330	345	1	346	1	10	173	8	8	5
13756	0	28	28	353	1	238	354	4	354	5	10	173	32	8	4
13756	0	31	31	353	1	299	354	2	354	6	10	173	16	8	1
13756	0	34	34	353	1	274	353	3	353	6	10	173	16	8	2
13756	0	50	50	353	1	50	353	3	353	7	10	173	40	8	4
13836	0	9	9	361	1	220	362	1	362	3	10	173	24	8	6
13836	0	32	32	361	1	103	361	8	362	5	10	173	0	8	2
13836	0	48	48	361	1	140	361	6	362	3	10	173	32	8	3
13916	0	23	23	369	1	121	369	2	369	10	10	173	16	8	5
13916	0	41	41	369	1	74	370	1	370	6	10	173	8	8	5
13916	0	45	45	369	1	56	369	9	370	3	10	173	32	8	5
13996	0	1	1	377	1	304	377	1	377	6	10	173	0	8	2
14076	0	14	14	385	1	57	385	10	386	4	10	173	40	8	2
14076	0	44	44	385	1	9	385	10	386	1	10	173	0	8	4
14076	0	46	46	385	1	67	385	4	385	9	10	173	0	8	5
14156	0	20	20	393	1	128	393	1	393	10	10	173	16	8	2
14236	0	30	30	401	1	317	401	3	402	4	10	173	24	8	5
14236	0	40	40	401	1	290	401	3	401	7	10	173	24	8	1
14236	0	47	47	401	1	157	401	8	402	4	10	173	16	8	1
14396	0	33	33	417	1	344	417	9	418	6	10	173	8	8	7
14396	0	35	35	417	1	187	417	8	418	2	10	173	32	8	3
14396	0	36	36	417	1	101	417	6	418	3	10	173	24	8	7
14476	0	25	25	425	1	159	425	10	426	6	10	173	16	8	3
14476	0	43	43	425	1	227	425	3	425	4	10	173	16	8	3
14556	0	30	30	433	1	128	433	1	433	10	10	173	8	8	3
14636	0	9	9	441	1	269	442	4	442	6	10	173	0	8	3
14636	0	28	28	441	1	180	441	1	441	5	10	173	32	8	1
14636	0	31	31	441	1	336	441	1	441	8	10	173	32	8	6
14636	0	34	34	441	1	28	442	3	442	5	10	173	24	8	6
14636	0	37	37	441	1	253	442	4	442	5	10	173	8	8	0
14636	0	48	48	441	1	241	441	2	441	3	10	173	24	8	1
14716	0	32	32	449	1	75	449	1	450	2	10	173	8	8	4
14796	0	41	41	457	1	189	457	10	458	4	10	173	0	8	3
14876	0	14	14	465	1	73	465	10	466	5	10	173	8	8	1
14876	0	23	23	465	1	283	466	2	466	5	10	173	24	8	6
14876	0	45	45	465	1	299	466	2	466	6	10	173	24	8	1
14956	0	44	44	473	1	166	473	2	473	7	10	173	40	8	0
14956	0	46	46	473	1	19	473	4	473	6	10	173	16	8	5
15036	0	24	24	481	1	167	481	3	481	8	10	173	8	8	1
15116	0	20	20	489	1	182	489	3	489	7	10	173	16	8	3
15116	0	30	30	489	1	343	489	8	490	5	10	173	8	8	7
15116	0	40	40	489	1	125	489	6	490	4	10	173	8	8	4
15116	0	47	47	489	1	272	489	1	489	4	10	173	24	8	1
15196	0	33	33	497	1	236	498	2	498	3	10	173	40	8	5
15356	0	38	38	513	1	271	513	2	514	6	10	173	40	8	4
15356	0	50	50	513	1	111	513	7	514	6	10	173	40	8	3
15436	0	25	25	521	1	339	521	4	522	1	10	173	32	8	6
15516	0	43	43	529	1	57	529	10	530	4	10	173	32	8	2
15836	0	23	23	561	1	251	562	2	562	3	10	173	24	8	4
15836	0	44	44	561	1	277	561	6	561	9	10	173	40	8	2
15836	0	46	46	561	1	345	561	1	561	10	10	173	8	8	3
15916	0	30	30	569	1	16	569	1	569	3	10	173	8	8	3
15916	0	40	40	569	1	93	569	4	570	4	10	173	40	8	6
15916	0	47	47	569	1	290	569	3	569	7	10	173	32	8	5
16076	0	33	33	585	1	20	585	5	585	7	10	173	24	8	0
16156	0	50	50	593	1	212	593	3	593	5	10	173	16	8	6
16236	0	9	9	601	1	254	602	5	602	6	10	173	8	8	7
16396	0	31	31	617	1	19	617	4	617	6	10	173	40	8	4
16396	0	32	32	617	1	2	617	3	617	4	10	173	8	8	4
16396	0	34	34	617	1	89	617	10	618	6	10	173	0	8	4
16396	0	48	48	617	1	112	617	1	617	9	10	173	32	8	1
16476	0	25	25	625	1	34	625	3	625	6	10	173	8	8	7
16476	0	37	37	625	1	132	625	5	626	4	10	173	32	8	2
16476	0	43	43	625	1	71	625	8	626	3	10	173	24	8	0
16556	0	28	28	633	1	51	633	4	633	8	10	173	32	8	5
16556	0	31	31	633	1	60	633	1	634	3	10	173	32	8	6
16716	0	1	1	649	1	188	649	9	650	3	10	173	0	8	4
16716	0	44	44	649	1	212	649	3	649	5	10	173	32	8	6
16716	0	47	47	649	1	69	649	6	650	1	10	173	40	8	7
16796	0	23	23	657	1	150	657	1	657	7	10	173	32	8	0
16796	0	30	30	657	1	141	657	7	658	4	10	173	16	8	5
16796	0	45	45	657	1	212	657	3	657	5	10	173	32	8	0
16796	0	46	46	657	1	51	657	4	657	8	10	173	8	8	7
16876	0	33	33	665	1	22	665	7	665	9	10	173	32	8	3
16956	0	35	35	673	1	28	674	3	674	5	10	173	40	8	2
16956	0	50	50	673	1	22	673	7	673	9	10	173	0	8	2
17036	0	20	20	681	1	44	682	3	682	6	10	173	24	8	3
17036	0	38	38	681	1	234	681	10	682	1	10	173	40	8	3
17196	0	34	34	697	1	243	697	4	697	5	10	173	0	8	4
17196	0	41	41	697	1	293	697	6	697	10	10	173	8	8	0
17276	0	31	31	705	1	11	706	2	706	3	10	173	16	8	1
17276	0	32	32	705	1	174	705	10	706	5	10	173	40	8	7
17276	0	48	48	705	1	236	706	2	706	3	10	173	8	8	1
17356	0	14	14	713	1	53	713	6	713	10	10	173	32	8	2
17356	0	36	36	713	1	269	714	4	714	6	10	173	0	8	6
17436	0	28	28	721	1	81	721	2	721	8	10	173	32	8	1
17436	0	37	37	721	1	68	721	5	721	10	10	173	40	8	7
17516	0	10	10	729	1	7	729	8	729	9	10	173	8	8	0
17516	0	43	43	729	1	50	729	3	729	7	10	173	24	8	1
17596	0	30	30	737	1	351	737	7	738	6	10	173	8	8	0
17596	0	40	40	737	1	232	737	8	737	9	10	173	40	8	5
17596	0	44	44	737	1	291	737	4	737	8	10	173	16	8	7
17596	0	47	47	737	1	274	737	3	737	6	10	173	8	8	0
17676	0	46	46	745	1	130	745	3	746	2	10	173	32	8	1
17756	0	23	23	753	1	212	753	3	753	5	10	173	8	8	1
17756	0	24	24	753	1	13	754	4	754	5	10	173	40	8	6
17756	0	33	33	753	1	88	753	9	754	5	10	173	32	8	4
17756	0	45	45	753	1	22	753	7	753	9	10	173	16	8	7
17836	0	9	9	761	1	302	761	3	762	5	10	173	8	8	1
17916	0	38	38	769	1	324	769	5	770	1	10	173	24	8	5
17996	0	20	20	777	1	162	777	3	778	4	10	173	0	8	1
18076	0	31	31	785	1	65	785	2	785	7	10	173	24	8	7
18076	0	34	34	785	1	270	785	1	786	5	10	173	32	8	6
18156	0	12	12	793	1	242	793	3	793	4	10	173	24	8	3
18156	0	14	14	793	1	159	793	10	794	6	10	173	32	8	2
18156	0	48	48	793	1	52	793	5	793	9	10	173	0	8	0
18316	0	37	37	809	1	141	809	7	810	4	10	173	8	8	1
18396	0	25	25	817	1	211	817	2	817	4	10	173	40	8	4
18396	0	28	28	817	1	324	817	5	818	1	10	173	0	8	6
18396	0	36	36	817	1	323	817	4	817	10	10	173	40	8	0
18556	0	27	27	833	1	208	833	1	834	5	10	173	32	8	6
18636	0	9	9	841	1	20	841	5	841	7	10	173	8	8	0
18716	0	23	23	849	1	238	850	4	850	5	10	173	24	8	3
18716	0	38	38	849	1	103	849	8	850	5	10	173	16	8	7
18716	0	45	45	849	1	217	849	8	849	10	10	173	32	8	7
18876	0	41	41	865	1	232	865	8	865	9	10	173	40	8	4
18956	0	14	14	873	1	117	873	6	874	4	10	173	24	8	6
18956	0	20	20	873	1	315	873	1	874	2	10	173	24	8	3
18956	0	31	31	873	1	283	874	2	874	5	10	173	0	8	5
18956	0	34	34	873	1	341	873	6	874	3	10	173	16	8	1
19036	0	32	32	881	1	149	881	6	882	6	10	173	8	8	0
19036	0	48	48	881	1	292	881	5	881	9	10	173	16	8	6
19276	0	30	30	905	1	334	905	5	906	5	10	173	32	8	0
19276	0	37	37	905	1	274	905	3	905	6	10	173	40	8	2
19276	0	40	40	905	1	138	905	4	906	1	10	173	40	8	4
19276	0	47	47	905	1	40	905	9	906	2	10	173	8	8	0
19356	0	28	28	913	1	343	913	8	914	5	10	173	8	8	4
19356	0	44	44	913	1	324	913	5	914	1	10	173	8	8	3
19356	0	50	50	913	1	121	913	2	913	10	10	173	24	8	6
19436	0	25	25	921	1	64	921	1	921	6	10	173	24	8	2
19436	0	33	33	921	1	18	921	3	921	5	10	173	24	8	6
19436	0	46	46	921	1	50	921	3	921	7	10	173	40	8	5
19516	0	34	34	929	1	343	929	8	930	5	10	173	40	8	7
19516	0	43	43	929	1	128	929	1	929	10	10	173	8	8	7
19596	0	23	23	937	1	198	937	4	937	7	10	173	0	8	1
19596	0	38	38	937	1	100	937	5	938	2	10	173	8	8	0
19676	0	45	45	945	1	20	945	5	945	7	10	173	32	8	3
19836	0	14	14	961	1	183	961	4	961	8	10	173	24	8	7
19836	0	31	31	961	1	52	961	5	961	9	10	173	40	8	1
19836	0	34	34	961	1	239	962	5	962	6	10	173	40	8	2
19836	0	48	48	961	1	214	961	5	961	7	10	173	32	8	1
19916	0	20	20	969	1	145	969	2	970	2	10	173	32	8	0
19916	0	32	32	969	1	163	969	4	970	5	10	173	8	8	1
20076	0	47	47	985	1	79	985	5	986	6	10	173	0	8	5
20156	0	30	30	993	1	163	993	4	994	5	10	173	32	8	1
20156	0	40	40	993	1	322	993	3	993	9	10	173	32	8	3
20156	0	50	50	993	1	188	993	9	994	3	10	173	24	8	4
20236	0	28	28	1001	1	226	1001	2	1001	3	10	173	16	8	1
20236	0	33	33	1001	1	344	1001	9	1002	6	10	173	40	8	1
20236	0	37	37	1001	1	97	1001	2	1001	9	10	173	8	8	4
20236	0	44	44	1001	1	30	1001	1	1002	5	10	173	24	8	4
20316	0	9	9	1009	1	15	1009	1	1010	6	10	173	16	8	2
20316	0	36	36	1009	1	294	1009	7	1010	1	10	173	24	8	5
20316	0	46	46	1009	1	282	1010	1	1010	4	10	173	8	8	7
20396	0	25	25	1017	1	180	1017	1	1017	5	10	173	0	8	4
20396	0	35	35	1017	1	277	1017	6	1017	9	10	173	24	8	3
20556	0	27	27	9	1	188	9	9	10	3	10	173	0	8	1
20636	0	14	14	17	1	6	17	7	17	8	10	173	0	8	0
20636	0	34	34	17	1	339	17	4	18	1	10	173	32	8	5
20716	0	31	31	25	1	179	25	4	26	6	10	173	0	8	3
20716	0	48	48	25	1	288	25	1	25	5	10	173	24	8	1
20796	0	32	32	33	1	104	33	9	34	6	10	173	40	8	5
20876	0	20	20	41	1	269	42	4	42	6	10	173	0	8	2
20956	0	30	30	49	1	96	49	1	49	8	10	173	0	8	2
20956	0	40	40	49	1	35	49	4	49	7	10	173	8	8	6
20956	0	47	47	49	1	25	49	10	50	2	10	173	40	8	7
20956	0	50	50	49	1	55	49	8	50	2	10	173	40	8	7
21116	0	9	9	65	1	327	65	8	66	4	10	173	16	8	4
21116	0	33	33	65	1	226	65	2	65	3	10	173	24	8	4
21116	0	37	37	65	1	265	65	10	66	2	10	173	24	8	0
21196	0	28	28	73	1	32	73	1	73	4	10	173	8	8	6
21196	0	35	35	73	1	163	73	4	74	5	10	173	8	8	7
21196	0	44	44	73	1	219	73	10	74	2	10	173	40	8	1
21196	0	46	46	73	1	305	73	2	73	7	10	173	8	8	5
21276	0	38	38	81	1	271	81	2	82	6	10	173	8	8	7
21356	0	36	36	89	1	43	90	2	90	5	10	173	0	8	7
21436	0	25	25	97	1	22	97	7	97	9	10	173	24	8	1
21516	0	23	23	105	1	249	105	10	106	1	10	173	16	8	4
21516	0	42	42	105	1	166	105	2	105	7	10	173	24	8	5
21596	0	45	45	113	1	184	113	5	113	9	10	173	16	8	1
21596	0	48	48	113	1	122	113	3	114	1	10	173	40	8	0
21756	0	12	12	129	1	22	129	7	129	9	10	173	8	8	6
21756	0	47	47	129	1	116	129	5	130	3	10	173	32	8	7
21836	0	20	20	137	1	283	138	2	138	5	10	173	16	8	4
21836	0	30	30	137	1	191	138	2	138	6	10	173	8	8	7
21836	0	40	40	137	1	82	137	3	137	9	10	173	0	8	0
21916	0	9	9	145	1	318	145	4	146	5	10	173	40	8	0
21996	0	33	33	153	1	183	153	4	153	8	10	173	32	8	2
22076	0	37	37	161	1	137	161	3	161	10	10	173	0	8	6
22076	0	44	44	161	1	142	161	8	162	5	10	173	24	8	2
22076	0	46	46	161	1	241	161	2	161	3	10	173	0	8	2
22156	0	28	28	169	1	81	169	2	169	8	10	173	16	8	1
22156	0	38	38	169	1	123	169	4	170	2	10	173	40	8	3
22236	0	24	24	177	1	227	177	3	177	4	10	173	32	8	2
22316	0	14	14	185	1	109	185	5	186	4	10	173	40	8	4
22316	0	36	36	185	1	332	185	3	186	3	10	173	32	8	5
22396	0	25	25	193	1	98	193	3	193	10	10	173	32	8	0
22396	0	31	31	193	1	33	193	2	193	5	10	173	24	8	5
22396	0	34	34	193	1	274	193	3	193	6	10	173	16	8	3
22476	0	23	23	201	1	35	201	4	201	7	10	173	16	8	6
22476	0	45	45	201	1	22	201	7	201	9	10	173	40	8	0
23516	0	18	18	305	1	328	305	9	306	5	10	173	16	8	7
23596	0	12	12	313	1	175	314	1	314	6	10	173	8	8	2
23596	0	39	39	313	1	335	313	6	314	6	10	173	24	8	2
23676	0	33	33	321	1	4	321	5	321	6	10	173	32	8	7
23756	0	20	20	329	1	123	329	4	330	2	10	173	8	8	6
23756	0	41	41	329	1	312	329	9	330	4	10	173	16	8	1
23836	0	38	38	337	1	129	337	2	338	1	10	173	8	8	4
23836	0	44	44	337	1	312	337	9	338	4	10	173	24	8	5
23836	0	46	46	337	1	162	337	3	338	4	10	173	0	8	5
23916	0	14	14	345	1	68	345	5	345	10	10	173	8	8	7
23916	0	37	37	345	1	226	345	2	345	3	10	173	16	8	7
23996	0	24	24	353	1	301	353	2	354	4	10	173	16	8	6
24076	0	4	4	361	1	262	361	7	361	9	10	173	8	8	3
24156	0	31	31	369	1	138	369	4	370	1	10	173	8	8	7
24156	0	34	34	369	1	135	369	1	369	8	10	173	32	8	6
24156	0	48	48	369	1	72	369	9	370	4	10	173	24	8	3
24236	0	32	32	377	1	29	378	4	378	6	10	173	24	8	7
24236	0	47	47	377	1	273	377	2	377	5	10	173	16	8	1
24236	0	50	50	377	1	81	377	2	377	8	10	173	8	8	7
24316	0	9	9	385	1	130	385	3	386	2	10	173	40	8	2
24316	0	30	30	385	1	212	385	3	385	5	10	173	32	8	2
24316	0	40	40	385	1	333	385	4	386	4	10	173	32	8	7
24396	0	23	23	393	1	322	393	3	393	9	10	173	16	8	1
24396	0	25	25	393	1	134	393	7	394	6	10	173	16	8	5
24396	0	45	45	393	1	343	393	8	394	5	10	173	0	8	3
24476	0	43	43	401	1	224	401	1	402	6	10	173	8	8	5
24556	0	9	9	409	1	100	409	5	410	2	10	173	0	8	5
24716	0	14	14	425	1	276	425	5	425	8	10	173	8	8	1
24716	0	20	20	425	1	219	425	10	426	2	10	173	40	8	7
24716	0	38	38	425	1	200	425	6	425	9	10	173	16	8	0
24716	0	44	44	425	1	278	425	7	425	10	10	173	40	8	7
24796	0	46	46	433	1	281	433	10	434	3	10	173	40	8	6
24876	0	24	24	441	1	13	442	4	442	5	10	173	8	8	4
24876	0	37	37	441	1	30	441	1	442	5	10	173	0	8	6
24956	0	4	4	449	1	176	449	1	450	3	10	173	8	8	6
25036	0	31	31	457	1	337	457	2	457	9	10	173	8	8	7
25036	0	48	48	457	1	63	457	4	458	6	10	173	0	8	6
25036	0	50	50	457	1	240	457	1	457	2	10	173	40	8	6
25116	0	9	9	465	1	344	465	9	466	6	10	173	0	8	3
25116	0	30	30	465	1	210	465	1	465	3	10	173	0	8	4
25116	0	32	32	465	1	12	466	3	466	4	10	173	24	8	4
25116	0	47	47	465	1	64	465	1	465	6	10	173	40	8	1
25196	0	39	39	473	1	52	473	5	473	9	10	173	8	8	6
25196	0	40	40	473	1	287	473	3	474	6	10	173	16	8	3
25356	0	23	23	489	1	324	489	5	490	1	10	173	32	8	0
25356	0	33	33	489	1	48	489	1	489	5	10	173	40	8	4
25356	0	41	41	489	1	235	490	1	490	2	10	173	40	8	6
25356	0	45	45	489	1	297	489	10	490	4	10	173	8	8	1
25436	0	12	12	497	1	12	498	3	498	4	10	173	32	8	5
25436	0	43	43	497	1	155	497	6	498	2	10	173	0	8	7
25516	0	34	34	505	1	214	505	5	505	7	10	173	16	8	2
25596	0	44	44	513	1	236	514	2	514	3	10	173	24	8	7
25676	0	20	20	521	1	139	521	5	522	2	10	173	32	8	6
25676	0	46	46	521	1	224	521	1	522	6	10	173	16	8	0
25756	0	37	37	529	1	291	529	4	529	8	10	173	40	8	7
25836	0	28	28	537	1	348	537	4	538	3	10	173	32	8	7
25836	0	34	34	537	1	264	537	9	538	1	10	173	0	8	3
25836	0	50	50	537	1	107	537	3	538	2	10	173	32	8	4
25916	0	9	9	545	1	71	545	8	546	3	10	173	0	8	1
25916	0	31	31	545	1	82	545	3	545	9	10	173	24	8	1
25916	0	47	47	545	1	221	546	2	546	4	10	173	24	8	2
25916	0	48	48	545	1	142	545	8	546	5	10	173	8	8	1
25996	0	30	30	553	1	112	553	1	553	9	10	173	24	8	3
25996	0	32	32	553	1	335	553	6	554	6	10	173	24	8	6
25996	0	40	40	553	1	83	553	4	553	10	10	173	32	8	3
26156	0	33	33	569	1	259	569	4	569	6	10	173	16	8	2
26156	0	41	41	569	1	161	569	2	570	3	10	173	24	8	3
26316	0	23	23	585	1	256	585	1	585	3	10	173	16	8	0
26316	0	36	36	585	1	15	585	1	586	6	10	173	16	8	2
26316	0	45	45	585	1	163	585	4	586	5	10	173	24	8	0
26396	0	14	14	593	1	115	593	4	594	2	10	173	24	8	4
26396	0	25	25	593	1	47	593	3	594	6	10	173	0	8	4
26396	0	38	38	593	1	340	593	5	594	2	10	173	0	8	1
26476	0	43	43	601	1	144	601	1	602	1	10	173	32	8	2
27516	0	50	50	705	1	344	705	9	706	6	10	173	0	8	6
27596	0	20	20	713	1	86	713	7	714	3	10	173	16	8	1
27596	0	24	24	713	1	157	713	8	714	4	10	173	16	8	5
27596	0	31	31	713	1	279	713	8	714	1	10	173	32	8	6
27596	0	34	34	713	1	22	713	7	713	9	10	173	0	8	5
27596	0	47	47	713	1	50	713	3	713	7	10	173	40	8	0
27676	0	30	30	721	1	139	721	5	722	2	10	173	40	8	5
27676	0	32	32	721	1	201	721	7	721	10	10	173	0	8	1
27676	0	37	37	721	1	20	721	5	721	7	10	173	40	8	2
27676	0	40	40	721	1	304	721	1	721	6	10	173	40	8	3
27676	0	48	48	721	1	264	721	9	722	1	10	173	32	8	3
27756	0	28	28	729	1	276	729	5	729	8	10	173	0	8	6
27836	0	33	33	737	1	23	737	8	737	10	10	173	0	8	6
27836	0	41	41	737	1	139	737	5	738	2	10	173	8	8	4
28076	0	14	14	761	1	246	761	7	761	8	10	173	16	8	7
28076	0	38	38	761	1	138	761	4	762	1	10	173	24	8	0
28156	0	23	23	769	1	269	770	4	770	6	10	173	32	8	4
28236	0	36	36	777	1	195	777	1	777	4	10	173	40	8	7
28236	0	44	44	777	1	10	778	1	778	2	10	173	8	8	7
28236	0	45	45	777	1	35	777	4	777	7	10	173	32	8	1
28236	0	50	50	777	1	187	777	8	778	2	10	173	0	8	5
28316	0	9	9	785	1	181	785	2	785	6	10	173	32	8	3
28396	0	25	25	793	1	147	793	4	794	4	10	173	8	8	6
28476	0	43	43	801	1	135	801	1	801	8	10	173	0	8	2
28556	0	10	10	809	1	190	810	1	810	5	10	173	0	8	1
28636	0	28	28	817	1	217	817	8	817	10	10	173	40	8	0
28636	0	41	41	817	1	336	817	1	817	8	10	173	16	8	3
28716	0	33	33	825	1	238	826	4	826	5	10	173	0	8	3
28876	0	14	14	841	1	40	841	9	842	2	10	173	8	8	0
28956	0	38	38	849	1	208	849	1	850	5	10	173	24	8	3
29036	0	50	50	857	1	246	857	7	857	8	10	173	32	8	1
29116	0	9	9	865	1	286	865	2	866	5	10	173	8	8	4
29116	0	12	12	865	1	276	865	5	865	8	10	173	8	8	1
29116	0	23	23	865	1	101	865	6	866	3	10	173	0	8	0
29116	0	44	44	865	1	131	865	4	866	3	10	173	40	8	4
29196	0	45	45	873	1	258	873	3	873	5	10	173	0	8	0
29276	0	39	39	881	1	194	881	3	882	6	10	173	32	8	6
29276	0	47	47	881	1	295	881	8	882	2	10	173	32	8	3
29356	0	24	24	889	1	82	889	3	889	9	10	173	40	8	4
29356	0	25	25	889	1	7	889	8	889	9	10	173	40	8	2
29356	0	30	30	889	1	151	889	2	889	8	10	173	0	8	0
29356	0	31	31	889	1	22	889	7	889	9	10	173	32	8	5
29356	0	40	40	889	1	150	889	1	889	7	10	173	40	8	6
29356	0	48	48	889	1	4	889	5	889	6	10	173	8	8	2
29436	0	43	43	897	1	205	898	1	898	4	10	173	0	8	3
29516	0	4	4	905	1	37	905	6	905	9	10	173	24	8	0
29516	0	37	37	905	1	233	905	9	905	10	10	173	40	8	3
29596	0	20	20	913	1	41	913	10	914	3	10	173	32	8	3
29676	0	14	14	921	1	41	921	10	922	3	10	173	32	8	1
29836	0	38	38	937	1	277	937	6	937	9	10	173	40	8	4
29836	0	50	50	937	1	119	937	8	938	6	10	173	0	8	4
29996	0	9	9	953	1	284	954	3	954	6	10	173	16	8	0
29996	0	44	44	953	1	2	953	3	953	4	10	173	32	8	5
30076	0	23	23	961	1	217	961	8	961	10	10	173	16	8	7
30156	0	30	30	969	1	237	970	3	970	4	10	173	32	8	5
30156	0	45	45	969	1	224	969	1	970	6	10	173	24	8	5
30156	0	47	47	969	1	73	969	10	970	5	10	173	8	8	3
30236	0	24	24	977	1	320	977	1	977	7	10	173	40	8	1
30236	0	31	31	977	1	174	977	10	978	5	10	173	40	8	1
30236	0	40	40	977	1	102	977	7	978	4	10	173	0	8	3
30236	0	41	41	977	1	337	977	2	977	9	10	173	24	8	6
30236	0	48	48	977	1	285	977	1	978	4	10	173	40	8	4
30316	0	25	25	985	1	241	985	2	985	3	10	173	32	8	2
30396	0	33	33	993	1	71	993	8	994	3	10	173	16	8	1
30396	0	37	37	993	1	238	994	4	994	5	10	173	0	8	7
30476	0	43	43	1001	1	263	1001	8	1001	10	10	173	24	8	4
30556	0	14	14	1009	1	327	1009	8	1010	4	10	173	8	8	2
30556	0	20	20	1009	1	122	1009	3	1010	1	10	173	24	8	4
30636	0	38	38	1017	1	237	1018	3	1018	4	10	173	16	8	7
30636	0	50	50	1017	1	315	1017	1	1018	2	10	173	0	8	5
30796	0	9	9	9	1	89	9	10	10	6	10	173	0	8	1
30876	0	44	44	17	1	106	17	2	18	1	10	173	32	8	4
30956	0	47	47	25	1	32	25	1	25	4	10	173	16	8	5
31036	0	23	23	33	1	216	33	7	33	9	10	173	40	8	6
31036	0	30	30	33	1	305	33	2	33	7	10	173	16	8	7
31036	0	34	34	33	1	22	33	7	33	9	10	173	0	8	2
31036	0	40	40	33	1	153	33	4	33	10	10	173	24	8	5
31036	0	41	41	33	1	267	34	2	34	4	10	173	16	8	3
31036	0	45	45	33	1	340	33	5	34	2	10	173	24	8	4
31116	0	31	31	41	1	281	41	10	42	3	10	173	16	8	3
31116	0	48	48	41	1	135	41	1	41	8	10	173	0	8	7
31196	0	32	32	49	1	218	49	9	50	1	10	173	40	8	4
31276	0	33	33	57	1	8	57	9	57	10	10	173	24	8	0
31276	0	36	36	57	1	14	58	5	58	6	10	173	8	8	1
31356	0	14	14	65	1	183	65	4	65	8	10	173	32	8	4
31356	0	25	25	65	1	111	65	7	66	6	10	173	40	8	6
31356	0	37	37	65	1	134	65	7	66	6	10	173	32	8	5
31436	0	28	28	73	1	116	73	5	74	3	10	173	16	8	6
31516	0	10	10	81	1	190	82	1	82	5	10	173	16	8	6
31516	0	20	20	81	1	245	81	6	81	7	10	173	0	8	4
31836	0	30	30	113	1	189	113	10	114	4	10	173	40	8	5
31836	0	44	44	113	1	146	113	3	114	3	10	173	32	8	3
31836	0	47	47	113	1	24	113	9	114	1	10	173	0	8	1
31916	0	31	31	121	1	208	121	1	122	5	10	173	16	8	3
31916	0	34	34	121	1	185	121	6	121	10	10	173	16	8	5
31916	0	40	40	121	1	264	121	9	122	1	10	173	32	8	7
31916	0	41	41	121	1	328	121	9	122	5	10	173	0	8	4
31996	0	23	23	129	1	342	129	7	130	4	10	173	40	8	3
31996	0	32	32	129	1	42	130	1	130	4	10	173	40	8	0
31996	0	45	45	129	1	66	129	3	129	8	10	173	40	8	5
31996	0	48	48	129	1	194	129	3	130	6	10	173	32	8	6
32076	0	33	33	137	1	262	137	7	137	9	10	173	0	8	5
32156	0	14	14	145	1	328	145	9	146	5	10	173	24	8	0
32236	0	35	35	153	1	307	153	4	153	9	10	173	24	8	6
32316	0	25	25	161	1	274	161	3	161	6	10	173	32	8	5
32316	0	37	37	161	1	2	161	3	161	4	10	173	0	8	2
32396	0	9	9	169	1	260	169	5	169	7	10	173	8	8	5
32396	0	28	28	169	1	72	169	9	170	4	10	173	8	8	6
32396	0	38	38	169	1	78	169	4	170	5	10	173	32	8	5
32396	0	43	43	169	1	170	169	6	170	1	10	173	8	8	6
32476	0	20	20	177	1	246	177	7	177	8	10	173	40	8	1
33516	0	42	42	281	1	166	281	2	281	7	10	173	32	8	1
33596	0	34	34	289	1	320	289	1	289	7	10	173	0	8	5
33756	0	32	32	305	1	102	305	7	306	4	10	173	24	8	1
33756	0	48	48	305	1	321	305	2	305	8	10	173	16	8	2
33836	0	23	23	313	1	268	314	3	314	5	10	173	40	8	7
33836	0	50	50	313	1	287	313	3	314	6	10	173	32	8	5
33996	0	9	9	329	1	154	329	5	330	1	10	173	24	8	1
34156	0	37	37	345	1	168	345	4	345	9	10	173	0	8	5
34236	0	28	28	353	1	286	353	2	354	5	10	173	8	8	2
34236	0	36	36	353	1	181	353	2	353	6	10	173	32	8	4
34316	0	25	25	361	1	198	361	4	361	7	10	173	0	8	1
34316	0	41	41	361	1	257	361	2	361	4	10	173	32	8	2
34316	0	47	47	361	1	41	361	10	362	3	10	173	0	8	1
34396	0	20	20	369	1	85	369	6	370	2	10	173	16	8	3
34396	0	30	30	369	1	28	370	3	370	5	10	173	8	8	7
34396	0	40	40	369	1	189	369	10	370	4	10	173	8	8	2
34396	0	43	43	369	1	150	369	1	369	7	10	173	8	8	4
34476	0	44	44	377	1	176	377	1	378	3	10	173	32	8	7
34556	0	45	45	385	1	118	385	7	386	5	10	173	8	8	5
34636	0	32	32	393	1	193	393	2	394	5	10	173	16	8	2
34636	0	50	50	393	1	108	393	4	394	3	10	173	24	8	2
34796	0	9	9	409	1	280	409	9	410	2	10	173	8	8	7
34796	0	23	23	409	1	344	409	9	410	6	10	173	8	8	6
34876	0	45	45	417	1	176	417	1	418	3	10	173	0	8	6
34956	0	38	38	425	1	203	425	9	426	2	10	173	8	8	1
35036	0	37	37	433	1	335	433	6	434	6	10	173	16	8	6
35116	0	41	41	441	1	287	441	3	442	6	10	173	8	8	6
35196	0	28	28	449	1	227	449	3	449	4	10	173	8	8	0
35196	0	30	30	449	1	34	449	3	449	6	10	173	8	8	0
35196	0	36	36	449	1	223	450	4	450	6	10	173	0	8	6
35196	0	40	40	449	1	333	449	4	450	4	10	173	32	8	1
35356	0	20	20	465	1	142	465	8	466	5	10	173	16	8	0
35356	0	25	25	465	1	51	465	4	465	8	10	173	40	8	2
35356	0	34	34	465	1	77	465	3	466	4	10	173	24	8	5
35356	0	44	44	465	1	178	465	3	466	5	10	173	40	8	7
35436	0	14	14	473	1	78	473	4	474	5	10	173	40	8	7
35436	0	31	31	473	1	78	473	4	474	5	10	173	16	8	5
35436	0	43	43	473	1	94	473	5	474	5	10	173	16	8	7
35436	0	48	48	473	1	8	473	9	473	10	10	173	32	8	1
35516	0	30	30	481	1	196	481	2	481	5	10	173	24	8	1
35596	0	9	9	489	1	221	490	2	490	4	10	173	0	8	7
35676	0	24	24	497	1	132	497	5	498	4	10	173	8	8	0
35756	0	23	23	505	1	264	505	9	506	1	10	173	8	8	1
35756	0	38	38	505	1	240	505	1	505	2	10	173	24	8	1
35836	0	45	45	513	1	294	513	7	514	1	10	173	32	8	0
35996	0	30	30	529	1	296	529	9	530	3	10	173	24	8	0
35996	0	37	37	529	1	246	529	7	529	8	10	173	8	8	5
35996	0	41	41	529	1	222	530	3	530	5	10	173	40	8	7
35996	0	47	47	529	1	20	529	5	529	7	10	173	40	8	4
36076	0	40	40	537	1	188	537	9	538	3	10	173	16	8	0
36156	0	28	28	545	1	190	546	1	546	5	10	173	16	8	2
36236	0	14	14	553	1	41	553	10	554	3	10	173	0	8	6
36236	0	31	31	553	1	132	553	5	554	4	10	173	32	8	3
36236	0	34	34	553	1	152	553	3	553	9	10	173	16	8	1
36236	0	44	44	553	1	338	553	3	553	10	10	173	16	8	1
36236	0	50	50	553	1	4	553	5	553	6	10	173	32	8	3
36316	0	20	20	561	1	289	561	2	561	6	10	173	0	8	7
36316	0	25	25	561	1	58	562	1	562	5	10	173	24	8	2
36316	0	48	48	561	1	236	562	2	562	3	10	173	0	8	3
36396	0	32	32	569	1	124	569	5	570	3	10	173	16	8	7
36396	0	43	43	569	1	140	569	6	570	3	10	173	0	8	7
36556	0	43	43	585	1	1	585	2	585	3	10	173	24	8	7
36636	0	38	38	593	1	85	593	6	594	2	10	173	40	8	3
36716	0	23	23	601	1	290	601	3	601	7	10	173	40	8	3
36796	0	41	41	609	1	27	610	2	610	4	10	173	0	8	1
36796	0	45	45	609	1	316	609	2	610	3	10	173	0	8	2
36876	0	30	30	617	1	137	617	3	617	10	10	173	32	8	4
36876	0	40	40	617	1	280	617	9	618	2	10	173	16	8	2
36956	0	37	37	625	1	267	626	2	626	4	10	173	16	8	5
37036	0	28	28	633	1	153	633	4	633	10	10	173	8	8	1
37036	0	50	50	633	1	88	633	9	634	5	10	173	16	8	7
37116	0	14	14	641	1	156	641	7	642	3	10	173	8	8	3
37116	0	31	31	641	1	141	641	7	642	4	10	173	0	8	7
37116	0	34	34	641	1	177	641	2	642	4	10	173	8	8	4
37116	0	44	44	641	1	243	641	4	641	5	10	173	8	8	4
37196	0	9	9	649	1	131	649	4	650	3	10	173	24	8	5
37196	0	36	36	649	1	60	649	1	650	3	10	173	0	8	3
37196	0	48	48	649	1	292	649	5	649	9	10	173	40	8	4
37276	0	20	20	657	1	201	657	7	657	10	10	173	24	8	0
37276	0	25	25	657	1	335	657	6	658	6	10	173	16	8	3
37276	0	32	32	657	1	16	657	1	657	3	10	173	24	8	4
37436	0	24	24	673	1	102	673	7	674	4	10	173	8	8	0
37436	0	43	43	673	1	210	673	1	673	3	10	173	16	8	4
37516	0	43	43	681	1	129	681	2	682	1	10	173	0	8	5
37596	0	41	41	689	1	258	689	3	689	5	10	173	16	8	0
37676	0	23	23	697	1	134	697	7	698	6	10	173	8	8	1
37676	0	30	30	697	1	205	698	1	698	4	10	173	16	8	4
37676	0	47	47	697	1	319	697	5	698	6	10	173	40	8	0
37756	0	40	40	705	1	46	705	2	706	5	10	173	40	8	4
37756	0	45	45	705	1	220	706	1	706	3	10	173	16	8	2
37836	0	37	37	713	1	32	713	1	713	4	10	173	24	8	6
37836	0	50	50	713	1	80	713	1	713	7	10	173	24	8	7
37916	0	14	14	721	1	19	721	4	721	6	10	173	24	8	7
37916	0	34	34	721	1	8	721	9	721	10	10	173	8	8	6
37996	0	9	9	729	1	92	729	3	730	3	10	173	8	8	6
37996	0	28	28	729	1	311	729	8	730	3	10	173	16	8	4
37996	0	31	31	729	1	136	729	2	729	9	10	173	24	8	1
37996	0	44	44	729	1	159	729	10	730	6	10	173	16	8	3
38076	0	32	32	737	1	187	737	8	738	2	10	173	0	8	5
38076	0	48	48	737	1	16	737	1	737	3	10	173	24	8	7
38156	0	36	36	745	1	57	745	10	746	4	10	173	40	8	5
38236	0	20	20	753	1	190	754	1	754	5	10	173	8	8	6
38316	0	24	24	761	1	83	761	4	761	10	10	173	0	8	0
38316	0	25	25	761	1	192	761	1	762	4	10	173	40	8	1
38316	0	38	38	761	1	245	761	6	761	7	10	173	8	8	7
38396	0	43	43	769	1	151	769	2	769	8	10	173	0	8	2
38556	0	13	13	785	1	279	785	8	786	1	10	173	32	8	0
38636	0	23	23	793	1	167	793	3	793	8	10	173	16	8	1
38636	0	50	50	793	1	116	793	5	794	3	10	173	16	8	3
38716	0	14	14	801	1	97	801	2	801	9	10	173	8	8	0
38716	0	45	45	801	1	207	802	3	802	6	10	173	8	8	0
38796	0	9	9	809	1	175	810	1	810	6	10	173	40	8	5
38796	0	37	37	809	1	125	809	6	810	4	10	173	40	8	2
38876	0	31	31	817	1	321	817	2	817	8	10	173	16	8	6
38876	0	44	44	817	1	309	817	6	818	1	10	173	8	8	1
38956	0	48	48	825	1	229	825	5	825	6	10	173	40	8	7
39196	0	20	20	849	1	256	849	1	849	3	10	173	16	8	0
39196	0	24	24	849	1	296	849	9	850	3	10	173	40	8	2
39196	0	38	38	849	1	70	849	7	850	2	10	173	8	8	0
39196	0	41	41	849	1	46	849	2	850	5	10	173	32	8	2
39276	0	25	25	857	1	302	857	3	858	5	10	173	16	8	6
39356	0	30	30	865	1	120	865	1	865	9	10	173	16	8	3
39356	0	47	47	865	1	325	865	6	866	2	10	173	0	8	0
39436	0	40	40	873	1	223	874	4	874	6	10	173	32	8	4
39436	0	43	43	873	1	136	873	2	873	9	10	173	32	8	1
39516	0	34	34	881	1	119	881	8	882	6	10	173	0	8	1
39596	0	45	45	889	1	131	889	4	890	3	10	173	24	8	6
39676	0	9	9	897	1	101	897	6	898	3	10	173	16	8	4
39676	0	34	34	897	1	161	897	2	898	3	10	173	0	8	0
39756	0	31	31	905	1	117	905	6	906	4	10	173	24	8	0
39756	0	37	37	905	1	279	905	8	906	1	10	173	0	8	0
39756	0	44	44	905	1	241	905	2	905	3	10	173	16	8	6
39756	0	48	48	905	1	335	905	6	906	6	10	173	24	8	2
39836	0	28	28	913	1	258	913	3	913	5	10	173	8	8	3
39836	0	32	32	913	1	341	913	6	914	3	10	173	8	8	7
40076	0	38	38	937	1	345	937	1	937	10	10	173	0	8	4
40076	0	41	41	937	1	106	937	2	938	1	10	173	40	8	4
40156	0	20	20	945	1	224	945	1	946	6	10	173	40	8	0
40156	0	47	47	945	1	224	945	1	946	6	10	173	24	8	0
40236	0	30	30	953	1	351	953	7	954	6	10	173	0	8	3
40236	0	40	40	953	1	252	954	3	954	4	10	173	40	8	1
40236	0	50	50	953	1	186	953	7	954	1	10	173	32	8	4
40316	0	25	25	961	1	47	961	3	962	6	10	173	8	8	5
40396	0	14	14	969	1	260	969	5	969	7	10	173	16	8	4
40396	0	43	43	969	1	351	969	7	970	6	10	173	24	8	2
40556	0	23	23	985	1	321	985	2	985	8	10	173	16	8	1
40556	0	26	26	985	1	111	985	7	986	6	10	173	24	8	6
40636	0	37	37	993	1	139	993	5	994	2	10	173	16	8	3
40636	0	44	44	993	1	245	993	6	993	7	10	173	8	8	5
40636	0	48	48	993	1	314	994	1	994	6	10	173	8	8	5
40796	0	28	28	1009	1	18	1009	3	1009	5	10	173	24	8	6
40876	0	38	38	1017	1	249	1017	10	1018	1	10	173	32	8	2
40876	0	41	41	1017	1	304	1017	1	1017	6	10	173	16	8	3
40956	0	47	47	1	1	312	1	9	2	4	10	173	0	8	0
41036	0	12	12	9	1	291	9	4	9	8	10	173	32	8	7
41036	0	24	24	9	1	5	9	6	9	7	10	173	24	8	5
41036	0	30	30	9	1	229	9	5	9	6	10	173	24	8	3
41036	0	50	50	9	1	291	9	4	9	8	10	173	40	8	3
41116	0	20	20	17	1	321	17	2	17	8	10	173	8	8	6
41116	0	36	36	17	1	25	17	10	18	2	10	173	8	8	5
41116	0	40	40	17	1	160	17	1	18	2	10	173	40	8	5
41196	0	14	14	25	1	78	25	4	26	5	10	173	24	8	0
41276	0	9	9	33	1	310	33	7	34	2	10	173	0	8	7
41276	0	25	25	33	1	300	33	1	34	3	10	173	40	8	1
41436	0	23	23	49	1	192	49	1	50	4	10	173	32	8	5
41436	0	31	31	49	1	291	49	4	49	8	10	173	8	8	4
41436	0	43	43	49	1	297	49	10	50	4	10	173	0	8	3
41516	0	45	45	57	1	212	57	3	57	5	10	173	24	8	5
41516	0	47	47	57	1	79	57	5	58	6	10	173	32	8	7
41676	0	41	41	73	1	298	74	1	74	5	10	173	40	8	4
41756	0	28	28	81	1	4	81	5	81	6	10	173	40	8	4
41756	0	38	38	81	1	82	81	3	81	9	10	173	0	8	3
41836	0	47	47	89	1	153	89	4	89	10	10	173	16	8	4
41836	0	50	50	89	1	250	90	1	90	2	10	173	24	8	2
41916	0	30	30	97	1	3	97	4	97	5	10	173	16	8	0
41916	0	40	40	97	1	199	97	5	97	8	10	173	32	8	4
41996	0	14	14	105	1	280	105	9	106	2	10	173	40	8	7
42076	0	9	9	113	1	55	113	8	114	2	10	173	24	8	5
42076	0	20	20	113	1	275	113	4	113	7	10	173	8	8	1
42236	0	25	25	129	1	60	129	1	130	3	10	173	24	8	6
42236	0	34	34	129	1	22	129	7	129	9	10	173	24	8	2
42316	0	31	31	137	1	348	137	4	138	3	10	173	16	8	1
42396	0	43	43	145	1	312	145	9	146	4	10	173	40	8	0
42396	0	48	48	145	1	51	145	4	145	8	10	173	16	8	6
42476	0	32	32	153	1	216	153	7	153	9	10	173	40	8	3
42476	0	37	37	153	1	78	153	4	154	5	10	173	40	8	4
42476	0	44	44	153	1	126	153	7	154	5	10	173	8	8	7
42476	0	45	45	153	1	151	153	2	153	8	10	173	8	8	3
42556	0	48	48	161	1	45	161	1	162	4	10	173	0	8	3
42636	0	47	47	169	1	106	169	2	170	1	10	173	8	8	3
42636	0	50	50	169	1	317	169	3	170	4	10	173	16	8	7
42716	0	28	28	177	1	179	177	4	178	6	10	173	8	8	6
42796	0	40	40	185	1	129	185	2	186	1	10	173	16	8	7
43116	0	34	34	217	1	236	218	2	218	3	10	173	16	8	3
43276	0	25	25	233	1	106	233	2	234	1	10	173	40	8	1
43276	0	32	32	233	1	217	233	8	233	10	10	173	16	8	1
43276	0	41	41	233	1	336	233	1	233	8	10	173	16	8	1
43276	0	48	48	233	1	245	233	6	233	7	10	173	8	8	2
43356	0	44	44	241	1	71	241	8	242	3	10	173	8	8	4
43436	0	38	38	249	1	176	249	1	250	3	10	173	40	8	5
43436	0	43	43	249	1	117	249	6	250	4	10	173	24	8	2
43436	0	45	45	249	1	344	249	9	250	6	10	173	40	8	3
43516	0	19	19	257	1	229	257	5	257	6	10	173	40	8	0
43596	0	28	28	265	1	255	265	1	266	6	10	173	8	8	6
43596	0	40	40	265	1	260	265	5	265	7	10	173	40	8	3
43676	0	9	9	273	1	140	273	6	274	3	10	173	0	8	3
44076	0	20	20	313	1	191	314	2	314	6	10	173	0	8	4
44076	0	31	31	313	1	265	313	10	314	2	10	173	0	8	5
44076	0	36	36	313	1	211	313	2	313	4	10	173	24	8	5
44156	0	48	48	321	1	207	322	3	322	6	10	173	0	8	1
44236	0	25	25	329	1	310	329	7	330	2	10	173	8	8	0
44236	0	44	44	329	1	267	330	2	330	4	10	173	8	8	4
44236	0	50	50	329	1	15	329	1	330	6	10	173	8	8	4
44316	0	38	38	337	1	257	337	2	337	4	10	173	24	8	0
44316	0	47	47	337	1	184	337	5	337	9	10	173	32	8	2
44396	0	30	30	345	1	75	345	1	346	2	10	173	0	8	5
44396	0	37	37	345	1	160	345	1	346	2	10	173	32	8	4
44396	0	43	43	345	1	266	346	1	346	3	10	173	24	8	1
44396	0	45	45	345	1	282	346	1	346	4	10	173	0	8	6
44556	0	31	31	361	1	7	361	8	361	9	10	173	32	8	3
44876	0	34	34	393	1	243	393	4	393	5	10	173	24	8	7
44956	0	41	41	401	1	197	401	3	401	6	10	173	0	8	2
44956	0	48	48	401	1	348	401	4	402	3	10	173	0	8	6
45036	0	20	20	409	1	302	409	3	410	5	10	173	0	8	4
45036	0	32	32	409	1	96	409	1	409	8	10	173	24	8	6
45036	0	50	50	409	1	262	409	7	409	9	10	173	16	8	6
45116	0	36	36	417	1	262	417	7	417	9	10	173	16	8	1
45116	0	44	44	417	1	36	417	5	417	8	10	173	0	8	1
45196	0	38	38	425	1	347	425	3	426	2	10	173	40	8	6
45276	0	14	14	433	1	38	433	7	433	10	10	173	0	8	7
45276	0	25	25	433	1	336	433	1	433	8	10	173	0	8	0
45276	0	30	30	433	1	181	433	2	433	6	10	173	8	8	7
45276	0	37	37	433	1	98	433	3	433	10	10	173	32	8	7
45356	0	43	43	441	1	119	441	8	442	6	10	173	24	8	6
45356	0	45	45	441	1	216	441	7	441	9	10	173	0	8	7
45516	0	23	23	457	1	221	458	2	458	4	10	173	40	8	7
45516	0	28	28	457	1	142	457	8	458	5	10	173	16	8	6
45756	0	31	31	481	1	24	481	9	482	1	10	173	16	8	3
45756	0	34	34	481	1	168	481	4	481	9	10	173	16	8	5
45756	0	41	41	481	1	103	481	8	482	5	10	173	24	8	6
45836	0	35	35	489	1	103	489	8	490	5	10	173	24	8	6
45836	0	48	48	489	1	333	489	4	490	4	10	173	8	8	3
45836	0	50	50	489	1	317	489	3	490	4	10	173	40	8	2
45916	0	32	32	497	1	273	497	2	497	5	10	173	40	8	1
45996	0	20	20	505	1	277	505	6	505	9	10	173	0	8	1
45996	0	38	38	505	1	82	505	3	505	9	10	173	0	8	3
45996	0	44	44	505	1	218	505	9	506	1	10	173	0	8	2
45996	0	47	47	505	1	150	505	1	505	7	10	173	16	8	2
46076	0	9	9	513	1	287	513	3	514	6	10	173	16	8	5
46076	0	30	30	513	1	285	513	1	514	4	10	173	16	8	0
46156	0	14	14	521	1	36	521	5	521	8	10	173	16	8	0
46156	0	40	40	521	1	72	521	9	522	4	10	173	24	8	3
46236	0	25	25	529	1	121	529	2	529	10	10	173	24	8	4
46236	0	37	37	529	1	144	529	1	530	1	10	173	40	8	7
46316	0	45	45	537	1	349	537	5	538	4	10	173	16	8	0
46396	0	43	43	545	1	200	545	6	545	9	10	173	32	8	0
46556	0	19	19	561	1	243	561	4	561	5	10	173	32	8	1
46636	0	31	31	569	1	246	569	7	569	8	10	173	24	8	6
46636	0	50	50	569	1	184	569	5	569	9	10	173	40	8	3
46716	0	48	48	577	1	113	577	2	577	10	10	173	0	8	4
46796	0	32	32	585	1	198	585	4	585	7	10	173	0	8	6
46876	0	9	9	593	1	241	593	2	593	3	10	173	40	8	3
46876	0	38	38	593	1	301	593	2	594	4	10	173	24	8	7
46876	0	44	44	593	1	314	594	1	594	6	10	173	32	8	5
46876	0	47	47	593	1	222	594	3	594	5	10	173	8	8	1
46956	0	14	14	601	1	309	601	6	602	1	10	173	32	8	1
46956	0	20	20	601	1	122	601	3	602	1	10	173	0	8	6
46956	0	30	30	601	1	46	601	2	602	5	10	173	32	8	4
46956	0	40	40	601	1	87	601	8	602	4	10	173	24	8	4
47036	0	36	36	609	1	18	609	3	609	5	10	173	24	8	5
47196	0	37	37	625	1	235	626	1	626	2	10	173	0	8	5
47276	0	24	24	633	1	289	633	2	633	6	10	173	8	8	1
47276	0	25	25	633	1	336	633	1	633	8	10	173	24	8	5
47276	0	45	45	633	1	147	633	4	634	4	10	173	0	8	1
47356	0	28	28	641	1	132	641	5	642	4	10	173	32	8	2
47356	0	41	41	641	1	110	641	6	642	5	10	173	32	8	2
47356	0	43	43	641	1	211	641	2	641	4	10	173	8	8	6
47436	0	34	34	649	1	261	649	6	649	8	10	173	32	8	2
47516	0	26	26	657	1	177	657	2	658	4	10	173	8	8	6
47676	0	9	9	673	1	275	673	4	673	7	10	173	40	8	6
47676	0	32	32	673	1	140	673	6	674	3	10	173	40	8	4
47676	0	47	47	673	1	164	673	5	674	6	10	173	0	8	3
47756	0	14	14	681	1	219	681	10	682	2	10	173	16	8	7
47756	0	30	30	681	1	250	682	1	682	2	10	173	40	8	2
47756	0	38	38	681	1	329	681	10	682	6	10	173	0	8	7
47756	0	44	44	681	1	178	681	3	682	5	10	173	40	8	3
47836	0	40	40	689	1	12	690	3	690	4	10	173	24	8	2
47916	0	20	20	697	1	144	697	1	698	1	10	173	16	8	4
48076	0	36	36	713	1	232	713	8	713	9	10	173	40	8	5
48076	0	37	37	713	1	220	714	1	714	3	10	173	24	8	7
48156	0	24	24	721	1	46	721	2	722	5	10	173	16	8	0
48156	0	41	41	721	1	242	721	3	721	4	10	173	40	8	4
48156	0	45	45	721	1	215	721	6	721	8	10	173	8	8	3
48236	0	25	25	729	1	13	730	4	730	5	10	173	8	8	2
48316	0	28	28	737	1	28	738	3	738	5	10	173	8	8	5
48316	0	34	34	737	1	264	737	9	738	1	10	173	32	8	7
48316	0	50	50	737	1	292	737	5	737	9	10	173	0	8	3
48396	0	31	31	745	1	20	745	5	745	7	10	173	24	8	5
48476	0	48	48	753	1	75	753	1	754	2	10	173	24	8	2
48556	0	38	38	761	1	139	761	5	762	2	10	173	40	8	2
48636	0	40	40	769	1	166	769	2	769	7	10	173	40	8	7
48636	0	44	44	769	1	332	769	3	770	3	10	173	8	8	6
48876	0	20	20	793	1	25	793	10	794	2	10	173	16	8	6
49036	0	24	24	809	1	86	809	7	810	3	10	173	16	8	5
49036	0	36	36	809	1	221	810	2	810	4	10	173	40	8	5
49036	0	37	37	809	1	162	809	3	810	4	10	173	16	8	4
49036	0	41	41	809	1	130	809	3	810	2	10	173	16	8	1
49116	0	45	45	817	1	59	818	2	818	6	10	173	32	8	5
49116	0	50	50	817	1	118	817	7	818	5	10	173	16	8	2
49276	0	31	31	833	1	313	833	10	834	5	10	173	8	8	4
49276	0	48	48	833	1	26	834	1	834	3	10	173	24	8	2
49356	0	9	9	841	1	16	841	1	841	3	10	173	8	8	5
49356	0	47	47	841	1	59	842	2	842	6	10	173	0	8	5
49436	0	14	14	849	1	0	849	1	849	2	10	173	0	8	6
49436	0	30	30	849	1	47	849	3	850	6	10	173	32	8	0
49436	0	38	38	849	1	224	849	1	850	6	10	173	32	8	4
50556	0	33	33	961	1	22	961	7	961	9	10	173	40	8	3
50636	0	41	41	969	1	180	969	1	969	5	10	173	16	8	3
50716	0	50	50	977	1	47	977	3	978	6	10	173	0	8	7
50796	0	20	20	985	1	123	985	4	986	2	10	173	0	8	1
50876	0	34	34	993	1	90	993	1	994	1	10	173	16	8	3
50876	0	37	37	993	1	322	993	3	993	9	10	173	40	8	0
50956	0	9	9	1001	1	159	1001	10	1002	6	10	173	40	8	6
50956	0	31	31	1001	1	191	1002	2	1002	6	10	173	24	8	0
51036	0	14	14	1009	1	302	1009	3	1010	5	10	173	0	8	5
51036	0	36	36	1009	1	199	1009	5	1009	8	10	173	0	8	3
51036	0	45	45	1009	1	108	1009	4	1010	3	10	173	40	8	2
51036	0	47	47	1009	1	300	1009	1	1010	3	10	173	32	8	5
51036	0	48	48	1009	1	91	1009	2	1010	2	10	173	0	8	1
51116	0	28	28	1017	1	137	1017	3	1017	10	10	173	8	8	0
51116	0	30	30	1017	1	307	1017	4	1017	9	10	173	32	8	5
51116	0	32	32	1017	1	237	1018	3	1018	4	10	173	40	8	5
51116	0	38	38	1017	1	51	1017	4	1017	8	10	173	32	8	2
51116	0	40	40	1017	1	246	1017	7	1017	8	10	173	0	8	0
51196	0	25	25	1	1	135	1	1	1	8	10	173	0	8	6
51276	0	44	44	9	1	24	9	9	10	1	10	173	16	8	5
51356	0	43	43	17	1	214	17	5	17	7	10	173	40	8	2
51516	0	20	20	33	1	203	33	9	34	2	10	173	24	8	1
51756	0	9	9	57	1	308	57	5	57	10	10	173	8	8	1
51756	0	24	24	57	1	156	57	7	58	3	10	173	32	8	4
51756	0	34	34	57	1	83	57	4	57	10	10	173	24	8	5
51836	0	31	31	65	1	42	66	1	66	4	10	173	16	8	0
51836	0	37	37	65	1	303	65	4	66	6	10	173	32	8	5
51836	0	47	47	65	1	150	65	1	65	7	10	173	32	8	3
51916	0	14	14	73	1	53	73	6	73	10	10	173	40	8	4
51916	0	30	30	73	1	265	73	10	74	2	10	173	24	8	0
51916	0	39	39	73	1	242	73	3	73	4	10	173	32	8	4
51916	0	48	48	73	1	34	73	3	73	6	10	173	40	8	4
51996	0	28	28	81	1	156	81	7	82	3	10	173	0	8	7
51996	0	32	32	81	1	345	81	1	81	10	10	173	8	8	7
51996	0	36	36	81	1	327	81	8	82	4	10	173	0	8	4
51996	0	38	38	81	1	136	81	2	81	9	10	173	32	8	7
51996	0	40	40	81	1	1	81	2	81	3	10	173	16	8	0
52156	0	44	44	97	1	348	97	4	98	3	10	173	16	8	6
52236	0	25	25	105	1	324	105	5	106	1	10	173	16	8	6
52236	0	41	41	105	1	300	105	1	106	3	10	173	40	8	0
52316	0	50	50	113	1	124	113	5	114	3	10	173	16	8	7
52396	0	43	43	121	1	243	121	4	121	5	10	173	32	8	3
52556	0	25	25	137	1	336	137	1	137	8	10	173	8	8	6
52636	0	34	34	145	1	127	145	8	146	6	10	173	32	8	0
52716	0	14	14	153	1	350	153	6	154	5	10	173	16	8	2
52716	0	20	20	153	1	290	153	3	153	7	10	173	16	8	3
52716	0	31	31	153	1	283	154	2	154	5	10	173	16	8	4
52716	0	37	37	153	1	18	153	3	153	5	10	173	16	8	7
52716	0	47	47	153	1	284	154	3	154	6	10	173	8	8	5
52796	0	30	30	161	1	278	161	7	161	10	10	173	24	8	2
52796	0	40	40	161	1	226	161	2	161	3	10	173	40	8	7
52796	0	48	48	161	1	261	161	6	161	8	10	173	24	8	7
52876	0	32	32	169	1	30	169	1	170	5	10	173	40	8	4
52876	0	38	38	169	1	303	169	4	170	6	10	173	0	8	3
52956	0	28	28	177	1	50	177	3	177	7	10	173	24	8	1
52956	0	45	45	177	1	84	177	5	178	1	10	173	24	8	7
53116	0	41	41	193	1	108	193	4	194	3	10	173	32	8	4
53116	0	44	44	193	1	205	194	1	194	4	10	173	0	8	1
53116	0	50	50	193	1	155	193	6	194	2	10	173	0	8	2
53196	0	25	25	201	1	202	201	8	202	1	10	173	24	8	6
53356	0	9	9	217	1	157	217	8	218	4	10	173	8	8	2
53356	0	43	43	217	1	288	217	1	217	5	10	173	24	8	4
53516	0	37	37	233	1	51	233	4	233	8	10	173	24	8	6
53596	0	30	30	241	1	277	241	6	241	9	10	173	8	8	5
53676	0	20	20	249	1	329	249	10	250	6	10	173	24	8	5
53676	0	37	37	249	1	170	249	6	250	1	10	173	0	8	3
53676	0	38	38	249	1	296	249	9	250	3	10	173	24	8	0
53676	0	40	40	249	1	245	249	6	249	7	10	173	16	8	0
53676	0	48	48	249	1	125	249	6	250	4	10	173	40	8	3
53756	0	32	32	257	1	58	258	1	258	5	10	173	8	8	1
53916	0	28	28	273	1	108	273	4	274	3	10	173	8	8	6
53916	0	41	41	273	1	27	274	2	274	4	10	173	40	8	4
53916	0	50	50	273	1	299	274	2	274	6	10	173	8	8	7
53996	0	44	44	281	1	81	281	2	281	8	10	173	32	8	1
54156	0	9	9	297	1	302	297	3	298	5	10	173	0	8	5
54156	0	25	25	297	1	55	297	8	298	2	10	173	8	8	4
54316	0	34	34	313	1	211	313	2	313	4	10	173	8	8	4
54316	0	35	35	313	1	129	313	2	314	1	10	173	40	8	0
54396	0	14	14	321	1	134	321	7	322	6	10	173	8	8	5
54396	0	24	24	321	1	254	322	5	322	6	10	173	8	8	5
54396	0	31	31	321	1	311	321	8	322	3	10	173	40	8	2
54396	0	47	47	321	1	114	321	3	322	1	10	173	8	8	6
54556	0	44	44	337	1	0	337	1	337	2	10	173	8	8	1
54636	0	20	20	345	1	63	345	4	346	6	10	173	8	8	6
54716	0	41	41	353	1	22	353	7	353	9	10	173	40	8	6
54796	0	28	28	361	1	239	362	5	362	6	10	173	8	8	0
54876	0	44	44	369	1	225	369	1	369	2	10	173	16	8	3
54876	0	45	45	369	1	322	369	3	369	9	10	173	24	8	7
54956	0	9	9	377	1	299	378	2	378	6	10	173	32	8	3
54956	0	36	36	377	1	155	377	6	378	2	10	173	40	8	5
55116	0	35	35	393	1	262	393	7	393	9	10	173	16	8	5
55196	0	14	14	401	1	83	401	4	401	10	10	173	16	8	6
55196	0	25	25	401	1	325	401	6	402	2	10	173	24	8	7
55196	0	34	34	401	1	131	401	4	402	3	10	173	24	8	3
55196	0	47	47	401	1	138	401	4	402	1	10	173	0	8	4
55276	0	24	24	409	1	278	409	7	409	10	10	173	24	8	7
55276	0	30	30	409	1	165	409	1	409	6	10	173	8	8	1
55276	0	31	31	409	1	247	409	8	409	9	10	173	16	8	1
55356	0	38	38	417	1	260	417	5	417	7	10	173	8	8	7
55356	0	40	40	417	1	194	417	3	418	6	10	173	16	8	6
55356	0	48	48	417	1	320	417	1	417	7	10	173	16	8	3
55436	0	32	32	425	1	191	426	2	426	6	10	173	32	8	1
55516	0	37	37	433	1	271	433	2	434	6	10	173	24	8	6
55516	0	44	44	433	1	245	433	6	433	7	10	173	8	8	4
55596	0	20	20	441	1	114	441	3	442	1	10	173	24	8	5
55756	0	9	9	457	1	146	457	3	458	3	10	173	24	8	6
55756	0	44	44	457	1	155	457	6	458	2	10	173	0	8	5
55756	0	45	45	457	1	47	457	3	458	6	10	173	32	8	5
55996	0	14	14	481	1	284	482	3	482	6	10	173	24	8	4
55996	0	35	35	481	1	283	482	2	482	5	10	173	16	8	6
55996	0	39	39	481	1	294	481	7	482	1	10	173	8	8	7
56076	0	34	34	489	1	135	489	1	489	8	10	173	8	8	7
56076	0	47	47	489	1	218	489	9	490	1	10	173	40	8	5
56156	0	25	25	497	1	341	497	6	498	3	10	173	0	8	6
56156	0	30	30	497	1	37	497	6	497	9	10	173	0	8	2
56156	0	31	31	497	1	321	497	2	497	8	10	173	0	8	4
56156	0	40	40	497	1	146	497	3	498	3	10	173	24	8	2
56236	0	24	24	505	1	157	505	8	506	4	10	173	40	8	2
56236	0	38	38	505	1	129	505	2	506	1	10	173	8	8	2
56236	0	48	48	505	1	70	505	7	506	2	10	173	0	8	6
56316	0	32	32	513	1	317	513	3	514	4	10	173	0	8	6
56316	0	41	41	513	1	72	513	9	514	4	10	173	0	8	6
56316	0	43	43	513	1	275	513	4	513	7	10	173	0	8	5
56316	0	50	50	513	1	230	513	6	513	7	10	173	8	8	5
56476	0	37	37	529	1	15	529	1	530	6	10	173	8	8	7
56556	0	46	46	537	1	124	537	5	538	3	10	173	32	8	4
56636	0	44	44	545	1	113	545	2	545	10	10	173	32	8	0
56716	0	28	28	553	1	219	553	10	554	2	10	173	16	8	5
56716	0	45	45	553	1	67	553	4	553	9	10	173	16	8	0
56796	0	14	14	561	1	307	561	4	561	9	10	173	32	8	0
56876	0	35	35	569	1	101	569	6	570	3	10	173	32	8	3
56876	0	47	47	569	1	34	569	3	569	6	10	173	40	8	5
56956	0	30	30	577	1	77	577	3	578	4	10	173	40	8	4
56956	0	34	34	577	1	49	577	2	577	6	10	173	16	8	4
57036	0	31	31	585	1	56	585	9	586	3	10	173	0	8	1
57036	0	40	40	585	1	292	585	5	585	9	10	173	24	8	6
57116	0	24	24	593	1	183	593	4	593	8	10	173	40	8	2
57116	0	38	38	593	1	21	593	6	593	8	10	173	40	8	4
57116	0	48	48	593	1	319	593	5	594	6	10	173	0	8	4
57116	0	50	50	593	1	348	593	4	594	3	10	173	24	8	2
57196	0	25	25	601	1	192	601	1	602	4	10	173	40	8	3
57196	0	32	32	601	1	325	601	6	602	2	10	173	16	8	0
57196	0	41	41	601	1	208	601	1	602	5	10	173	8	8	5
57356	0	9	9	617	1	338	617	3	617	10	10	173	16	8	0
57356	0	37	37	617	1	19	617	4	617	6	10	173	0	8	4
57356	0	43	43	617	1	247	617	8	617	9	10	173	0	8	1
57516	0	39	39	633	1	4	633	5	633	6	10	173	40	8	4
57596	0	20	20	641	1	157	641	8	642	4	10	173	0	8	4
57596	0	28	28	641	1	267	642	2	642	4	10	173	24	8	2
57676	0	14	14	649	1	220	650	1	650	3	10	173	8	8	7
57676	0	45	45	649	1	248	649	9	649	10	10	173	0	8	2
57676	0	47	47	649	1	140	649	6	650	3	10	173	32	8	5
57836	0	30	30	665	1	279	665	8	666	1	10	173	16	8	0
57836	0	34	34	665	1	285	665	1	666	4	10	173	24	8	0
57836	0	40	40	665	1	64	665	1	665	6	10	173	0	8	7
57916	0	31	31	673	1	65	673	2	673	7	10	173	24	8	7
57916	0	38	38	673	1	13	674	4	674	5	10	173	24	8	5
57916	0	50	50	673	1	204	673	10	674	3	10	173	0	8	1
57996	0	24	24	681	1	151	681	2	681	8	10	173	24	8	5
57996	0	36	36	681	1	74	682	1	682	6	10	173	0	8	6
57996	0	41	41	681	1	42	682	1	682	4	10	173	0	8	5
57996	0	48	48	681	1	257	681	2	681	4	10	173	40	8	2
58076	0	32	32	689	1	342	689	7	690	4	10	173	24	8	1
58156	0	9	9	697	1	263	697	8	697	10	10	173	40	8	6
58156	0	25	25	697	1	326	697	7	698	3	10	173	16	8	4
58316	0	37	37	713	1	197	713	3	713	6	10	173	32	8	4
58316	0	43	43	713	1	203	713	9	714	2	10	173	40	8	2
58396	0	44	44	721	1	42	722	1	722	4	10	173	16	8	1
58556	0	20	20	737	1	311	737	8	738	3	10	173	0	8	4
58556	0	28	28	737	1	7	737	8	737	9	10	173	24	8	3
58636	0	34	34	745	1	240	745	1	745	2	10	173	40	8	2
58636	0	45	45	745	1	51	745	4	745	8	10	173	0	8	6
58716	0	40	40	753	1	284	754	3	754	6	10	173	8	8	7
58716	0	50	50	753	1	241	753	2	753	3	10	173	40	8	1
58796	0	38	38	761	1	207	762	3	762	6	10	173	24	8	4
58796	0	41	41	761	1	47	761	3	762	6	10	173	32	8	5
58876	0	24	24	769	1	85	769	6	770	2	10	173	8	8	3
58876	0	48	48	769	1	256	769	1	769	3	10	173	0	8	7
59196	0	25	25	801	1	259	801	4	801	6	10	173	32	8	5
59196	0	39	39	801	1	56	801	9	802	3	10	173	24	8	1
59276	0	37	37	809	1	63	809	4	810	6	10	173	24	8	2
59276	0	44	44	809	1	262	809	7	809	9	10	173	32	8	0
59356	0	43	43	817	1	159	817	10	818	6	10	173	24	8	4
59356	0	47	47	817	1	12	818	3	818	4	10	173	0	8	3
59516	0	20	20	833	1	51	833	4	833	8	10	173	32	8	3
59596	0	31	31	841	1	159	841	10	842	6	10	173	40	8	6
59596	0	41	41	841	1	286	841	2	842	5	10	173	40	8	6
59596	0	45	45	841	1	128	841	1	841	10	10	173	32	8	3
59676	0	38	38	849	1	219	849	10	850	2	10	173	24	8	7
59676	0	48	48	849	1	298	850	1	850	5	10	173	8	8	7
59756	0	32	32	857	1	94	857	5	858	5	10	173	8	8	1
59836	0	9	9	865	1	69	865	6	866	1	10	173	40	8	4
59916	0	36	36	873	1	64	873	1	873	6	10	173	32	8	7
60156	0	14	14	897	1	297	897	10	898	4	10	173	16	8	5
60156	0	25	25	897	1	258	897	3	897	5	10	173	24	8	0
60156	0	37	37	897	1	298	898	1	898	5	10	173	24	8	2
60156	0	44	44	897	1	98	897	3	897	10	10	173	16	8	7
60236	0	47	47	905	1	312	905	9	906	4	10	173	16	8	5
60316	0	30	30	913	1	118	913	7	914	5	10	173	16	8	3
60316	0	43	43	913	1	116	913	5	914	3	10	173	24	8	5
60316	0	50	50	913	1	198	913	4	913	7	10	173	16	8	3
60396	0	28	28	921	1	301	921	2	922	4	10	173	32	8	3
60396	0	34	34	921	1	311	921	8	922	3	10	173	24	8	2
60396	0	40	40	921	1	57	921	10	922	4	10	173	0	8	0
60476	0	20	20	929	1	143	929	9	930	6	10	173	40	8	0
60556	0	34	34	937	1	111	937	7	938	6	10	173	24	8	6
60636	0	32	32	945	1	261	945	6	945	8	10	173	8	8	4
60956	0	14	14	977	1	250	978	1	978	2	10	173	8	8	6
61036	0	44	44	985	1	258	985	3	985	5	10	173	40	8	6
61036	0	47	47	985	1	269	986	4	986	6	10	173	8	8	7
61116	0	25	25	993	1	246	993	7	993	8	10	173	24	8	2
61116	0	37	37	993	1	94	993	5	994	5	10	173	16	8	2
61116	0	50	50	993	1	41	993	10	994	3	10	173	16	8	0
61196	0	30	30	1001	1	40	1001	9	1002	2	10	173	16	8	6
61196	0	40	40	1001	1	308	1001	5	1001	10	10	173	32	8	3
61196	0	41	41	1001	1	114	1001	3	1002	1	10	173	24	8	0
61276	0	34	34	1009	1	260	1009	5	1009	7	10	173	40	8	7
61356	0	28	28	1017	1	283	1018	2	1018	5	10	173	16	8	3
61356	0	31	31	1017	1	1	1017	2	1017	3	10	173	40	8	2
61356	0	38	38	1017	1	126	1017	7	1018	5	10	173	16	8	1
61356	0	43	43	1017	1	262	1017	7	1017	9	10	173	0	8	2
61436	0	9	9	1	1	168	1	4	1	9	10	173	40	8	2
61436	0	20	20	1	1	73	1	10	2	5	10	173	32	8	6
61436	0	48	48	1	1	110	1	6	2	5	10	173	40	8	1
61516	0	16	16	9	1	70	9	7	10	2	10	173	24	8	0
61516	0	45	45	9	1	85	9	6	10	2	10	173	8	8	0
61756	0	14	14	33	1	67	33	4	33	9	10	173	32	8	2
61916	0	36	36	49	1	43	50	2	50	5	10	173	32	8	4
61916	0	44	44	49	1	198	49	4	49	7	10	173	16	8	7
61916	0	47	47	49	1	331	49	2	50	2	10	173	0	8	1
61916	0	50	50	49	1	226	49	2	49	3	10	173	16	8	3
61996	0	30	30	57	1	85	57	6	58	2	10	173	0	8	6
61996	0	37	37	57	1	305	57	2	57	7	10	173	24	8	4
62076	0	40	40	65	1	341	65	6	66	3	10	173	32	8	6
62076	0	41	41	65	1	282	66	1	66	4	10	173	32	8	3
62156	0	25	25	73	1	7	73	8	73	9	10	173	24	8	6
62156	0	34	34	73	1	257	73	2	73	4	10	173	8	8	6
62236	0	9	9	81	1	297	81	10	82	4	10	173	32	8	2
62236	0	31	31	81	1	157	81	8	82	4	10	173	24	8	6
62236	0	38	38	81	1	251	82	2	82	3	10	173	32	8	6
62316	0	28	28	89	1	255	89	1	90	6	10	173	40	8	5
62316	0	43	43	89	1	324	89	5	90	1	10	173	16	8	7
62316	0	48	48	89	1	88	89	9	90	5	10	173	16	8	7
62396	0	20	20	97	1	273	97	2	97	5	10	173	32	8	3
62396	0	32	32	97	1	224	97	1	98	6	10	173	24	8	3
62476	0	45	45	105	1	156	105	7	106	3	10	173	0	8	1
62556	0	4	4	113	1	102	113	7	114	4	10	173	32	8	6
62716	0	47	47	129	1	242	129	3	129	4	10	173	8	8	4
62796	0	30	30	137	1	153	137	4	137	10	10	173	32	8	6
62796	0	44	44	137	1	145	137	2	138	2	10	173	8	8	2
62876	0	36	36	145	1	92	145	3	146	3	10	173	40	8	5
62876	0	40	40	145	1	301	145	2	146	4	10	173	40	8	2
62876	0	41	41	145	1	38	145	7	145	10	10	173	8	8	5
62956	0	34	34	153	1	311	153	8	154	3	10	173	40	8	4
62956	0	37	37	153	1	160	153	1	154	2	10	173	24	8	6
63036	0	9	9	161	1	239	162	5	162	6	10	173	8	8	1
63036	0	38	38	161	1	255	161	1	162	6	10	173	0	8	6
63116	0	25	25	169	1	336	169	1	169	8	10	173	0	8	7
63116	0	31	31	169	1	207	170	3	170	6	10	173	32	8	4
63196	0	28	28	177	1	133	177	6	178	5	10	173	8	8	4
63196	0	48	48	177	1	12	178	3	178	4	10	173	8	8	3
63276	0	32	32	185	1	10	186	1	186	2	10	173	32	8	2
63356	0	20	20	193	1	234	193	10	194	1	10	173	40	8	4
63436	0	14	14	201	1	296	201	9	202	3	10	173	40	8	4
63436	0	45	45	201	1	58	202	1	202	5	10	173	40	8	6
63516	0	10	10	209	1	184	209	5	209	9	10	173	24	8	0
63676	0	30	30	225	1	36	225	5	225	8	10	173	16	8	4
63676	0	41	41	225	1	206	226	2	226	5	10	173	40	8	6
63676	0	44	44	225	1	311	225	8	226	3	10	173	32	8	3
63756	0	40	40	233	1	29	234	4	234	6	10	173	0	8	1
63836	0	9	9	241	1	2	241	3	241	4	10	173	0	8	4
63836	0	34	34	241	1	135	241	1	241	8	10	173	32	8	7
63916	0	31	31	249	1	59	250	2	250	6	10	173	24	8	0
63916	0	36	36	249	1	14	250	5	250	6	10	173	8	8	6
63916	0	37	37	249	1	163	249	4	250	5	10	173	16	8	6
64076	0	48	48	265	1	314	266	1	266	6	10	173	24	8	4
64156	0	25	25	273	1	254	274	5	274	6	10	173	40	8	6
64156	0	28	28	273	1	42	274	1	274	4	10	173	40	8	2
64156	0	32	32	273	1	110	273	6	274	5	10	173	16	8	4
64316	0	20	20	289	1	247	289	8	289	9	10	173	40	8	6
64316	0	43	43	289	1	53	289	6	289	10	10	173	8	8	5
64316	0	50	50	289	1	322	289	3	289	9	10	173	24	8	3
64396	0	47	47	297	1	250	298	1	298	2	10	173	24	8	6
64556	0	50	50	313	1	230	313	6	313	7	10	173	32	8	3
64636	0	9	9	321	1	334	321	5	322	5	10	173	0	8	3
64716	0	34	34	329	1	14	330	5	330	6	10	173	0	8	1
64796	0	31	31	337	1	147	337	4	338	4	10	173	0	8	6
64796	0	37	37	337	1	175	338	1	338	6	10	173	8	8	5
64796	0	38	38	337	1	165	337	1	337	6	10	173	24	8	1
64876	0	48	48	345	1	22	345	7	345	9	10	173	24	8	2
65036	0	14	14	361	1	264	361	9	362	1	10	173	16	8	4
65036	0	32	32	361	1	91	361	2	362	2	10	173	24	8	5
65116	0	25	25	369	1	214	369	5	369	7	10	173	16	8	5
65116	0	50	50	369	1	238	370	4	370	5	10	173	32	8	2
65276	0	20	20	385	1	340	385	5	386	2	10	173	8	8	6
65276	0	41	41	385	1	293	385	6	385	10	10	173	0	8	6
65276	0	45	45	385	1	269	386	4	386	6	10	173	40	8	7
65276	0	47	47	385	1	157	385	8	386	4	10	173	16	8	2
65356	0	30	30	393	1	74	394	1	394	6	10	173	16	8	2
65356	0	35	35	393	1	226	393	2	393	3	10	173	8	8	4
65356	0	43	43	393	1	65	393	2	393	7	10	173	0	8	7
65436	0	40	40	401	1	347	401	3	402	2	10	173	8	8	1
65516	0	26	26	409	1	334	409	5	410	5	10	173	40	8	6
65516	0	44	44	409	1	184	409	5	409	9	10	173	0	8	6
65596	0	38	38	417	1	210	417	1	417	3	10	173	40	8	5
65676	0	31	31	425	1	325	425	6	426	2	10	173	16	8	1
65756	0	37	37	433	1	328	433	9	434	5	10	173	16	8	0
65756	0	48	48	433	1	213	433	4	433	6	10	173	32	8	7
65836	0	32	32	441	1	25	441	10	442	2	10	173	8	8	3
65836	0	36	36	441	1	266	442	1	442	3	10	173	8	8	7
65916	0	14	14	449	1	129	449	2	450	1	10	173	0	8	7
65916	0	50	50	449	1	331	449	2	450	2	10	173	24	8	2
65996	0	28	28	457	1	127	457	8	458	6	10	173	24	8	1
66076	0	25	25	465	1	267	466	2	466	4	10	173	24	8	1
66156	0	30	30	473	1	276	473	5	473	8	10	173	40	8	0
66156	0	41	41	473	1	65	473	2	473	7	10	173	16	8	0
66236	0	9	9	481	1	321	481	2	481	8	10	173	8	8	6
66236	0	20	20	481	1	204	481	10	482	3	10	173	8	8	1
66236	0	40	40	481	1	171	481	7	482	2	10	173	32	8	1
66236	0	45	45	481	1	178	481	3	482	5	10	173	24	8	3
66316	0	43	43	489	1	255	489	1	490	6	10	173	40	8	4
66396	0	44	44	497	1	247	497	8	497	9	10	173	40	8	7
66476	0	34	34	505	1	73	505	10	506	5	10	173	24	8	1
66556	0	36	36	513	1	157	513	8	514	4	10	173	0	8	6
66636	0	48	48	521	1	156	521	7	522	3	10	173	32	8	3
66716	0	14	14	529	1	94	529	5	530	5	10	173	0	8	2
66716	0	37	37	529	1	253	530	4	530	5	10	173	8	8	4
66876	0	36	36	545	1	309	545	6	546	1	10	173	32	8	0
66876	0	47	47	545	1	186	545	7	546	1	10	173	8	8	3
66956	0	28	28	553	1	25	553	10	554	2	10	173	24	8	6
67036	0	9	9	561	1	340	561	5	562	2	10	173	8	8	2
67116	0	25	25	569	1	319	569	5	570	6	10	173	0	8	0
67116	0	40	40	569	1	351	569	7	570	6	10	173	32	8	5
67196	0	20	20	577	1	278	577	7	577	10	10	173	16	8	3
67196	0	45	45	577	1	11	578	2	578	3	10	173	24	8	7
67276	0	44	44	585	1	51	585	4	585	8	10	173	24	8	5
67356	0	38	38	593	1	130	593	3	594	2	10	173	8	8	2
67436	0	31	31	601	1	31	601	2	602	6	10	173	24	8	2
67516	0	48	48	609	1	196	609	2	609	5	10	173	32	8	6
67596	0	32	32	617	1	89	617	10	618	6	10	173	16	8	3
67756	0	41	41	633	1	262	633	7	633	9	10	173	32	8	3
67756	0	47	47	633	1	143	633	9	634	6	10	173	8	8	3
67836	0	36	36	641	1	109	641	5	642	4	10	173	40	8	0
67916	0	28	28	649	1	102	649	7	650	4	10	173	32	8	3
67916	0	40	40	649	1	37	649	6	649	9	10	173	24	8	1
68076	0	25	25	665	1	11	666	2	666	3	10	173	0	8	3
68156	0	34	34	673	1	349	673	5	674	4	10	173	0	8	0
68156	0	38	38	673	1	75	673	1	674	2	10	173	0	8	2
68156	0	44	44	673	1	337	673	2	673	9	10	173	16	8	1
68156	0	45	45	673	1	136	673	2	673	9	10	173	8	8	7
68316	0	14	14	689	1	73	689	10	690	5	10	173	16	8	7
68316	0	43	43	689	1	223	690	4	690	6	10	173	16	8	3
68316	0	50	50	689	1	56	689	9	690	3	10	173	16	8	3
68396	0	48	48	697	1	131	697	4	698	3	10	173	0	8	2
68556	0	42	42	713	1	248	713	9	713	10	10	173	32	8	4
68636	0	9	9	721	1	75	721	1	722	2	10	173	16	8	5
68796	0	28	28	737	1	237	738	3	738	4	10	173	24	8	6
68796	0	40	40	737	1	241	737	2	737	3	10	173	16	8	5
68876	0	36	36	745	1	322	745	3	745	9	10	173	32	8	1
69036	0	34	34	761	1	32	761	1	761	4	10	173	0	8	4
69036	0	44	44	761	1	41	761	10	762	3	10	173	24	8	7
69116	0	25	25	769	1	145	769	2	770	2	10	173	8	8	5
69116	0	45	45	769	1	208	769	1	770	5	10	173	24	8	4
69116	0	50	50	769	1	263	769	8	769	10	10	173	32	8	2
69276	0	43	43	785	1	317	785	3	786	4	10	173	32	8	5
69356	0	32	32	793	1	100	793	5	794	2	10	173	8	8	2
69356	0	41	41	793	1	342	793	7	794	4	10	173	8	8	6
69436	0	47	47	801	1	0	801	1	801	2	10	173	32	8	1
69516	0	2	2	809	1	247	809	8	809	9	10	173	32	8	6
69596	0	40	40	817	1	39	817	8	818	1	10	173	40	8	7
69756	0	28	28	833	1	40	833	9	834	2	10	173	0	8	5
69916	0	34	34	849	1	279	849	8	850	1	10	173	0	8	3
69916	0	38	38	849	1	273	849	2	849	5	10	173	40	8	5
69916	0	44	44	849	1	233	849	9	849	10	10	173	24	8	4
69996	0	14	14	857	1	350	857	6	858	5	10	173	8	8	4
69996	0	31	31	857	1	182	857	3	857	7	10	173	24	8	5
70076	0	20	20	865	1	330	865	1	866	1	10	173	16	8	7
70076	0	25	25	865	1	304	865	1	865	6	10	173	8	8	2
70076	0	45	45	865	1	102	865	7	866	4	10	173	8	8	6
70076	0	48	48	865	1	92	865	3	866	3	10	173	32	8	7
70236	0	32	32	881	1	82	881	3	881	9	10	173	0	8	3
70236	0	41	41	881	1	73	881	10	882	5	10	173	40	8	7
70236	0	47	47	881	1	163	881	4	882	5	10	173	40	8	3
70316	0	9	9	889	1	309	889	6	890	1	10	173	40	8	0
70316	0	43	43	889	1	238	890	4	890	5	10	173	40	8	7
70396	0	37	37	897	1	119	897	8	898	6	10	173	24	8	1
70556	0	31	31	913	1	291	913	4	913	8	10	173	24	8	0
70716	0	38	38	929	1	136	929	2	929	9	10	173	32	8	1
70716	0	50	50	929	1	203	929	9	930	2	10	173	40	8	7
70796	0	14	14	937	1	127	937	8	938	6	10	173	8	8	0
70796	0	34	34	937	1	41	937	10	938	3	10	173	40	8	6
70796	0	44	44	937	1	45	937	1	938	4	10	173	16	8	5
70876	0	31	31	945	1	267	946	2	946	4	10	173	0	8	3
70956	0	48	48	953	1	58	954	1	954	5	10	173	8	8	5
71036	0	20	20	961	1	73	961	10	962	5	10	173	32	8	4
71036	0	32	32	961	1	180	961	1	961	5	10	173	40	8	1
71036	0	41	41	961	1	123	961	4	962	2	10	173	0	8	5
71036	0	45	45	961	1	30	961	1	962	5	10	173	16	8	2
71116	0	9	9	969	1	82	969	3	969	9	10	173	40	8	3
71116	0	25	25	969	1	334	969	5	970	5	10	173	8	8	2
71116	0	47	47	969	1	87	969	8	970	4	10	173	16	8	1
71276	0	40	40	985	1	219	985	10	986	2	10	173	16	8	1
71276	0	43	43	985	1	119	985	8	986	6	10	173	24	8	2
71356	0	37	37	993	1	97	993	2	993	9	10	173	24	8	5
71516	0	20	20	1009	1	124	1009	5	1010	3	10	173	16	8	4
71596	0	34	34	1017	1	109	1017	5	1018	4	10	173	8	8	6
71596	0	38	38	1017	1	43	1018	2	1018	5	10	173	24	8	1
71676	0	14	14	1	1	59	2	2	2	6	10	173	40	8	4
71676	0	44	44	1	1	320	1	1	1	7	10	173	40	8	0
71756	0	31	31	9	1	169	9	5	9	10	10	173	32	8	2
71836	0	41	41	17	1	219	17	10	18	2	10	173	32	8	7
71836	0	48	48	17	1	9	17	10	18	1	10	173	0	8	7
71916	0	9	9	25	1	205	26	1	26	4	10	173	24	8	4
71916	0	32	32	25	1	73	25	10	26	5	10	173	40	8	2
71916	0	47	47	25	1	164	25	5	26	6	10	173	0	8	5
71996	0	20	20	33	1	280	33	9	34	2	10	173	40	8	4
71996	0	45	45	33	1	91	33	2	34	2	10	173	8	8	0
72076	0	25	25	41	1	156	41	7	42	3	10	173	16	8	3
72076	0	40	40	41	1	139	41	5	42	2	10	173	16	8	5
72236	0	37	37	57	1	63	57	4	58	6	10	173	16	8	3
72316	0	43	43	65	1	238	66	4	66	5	10	173	40	8	3
72316	0	50	50	65	1	262	65	7	65	9	10	173	24	8	3
72556	0	28	28	89	1	14	90	5	90	6	10	173	8	8	5
72636	0	41	41	97	1	135	97	1	97	8	10	173	32	8	7
72716	0	9	9	105	1	199	105	5	105	8	10	173	40	8	6
72716	0	48	48	105	1	249	105	10	106	1	10	173	16	8	6
72796	0	32	32	113	1	289	113	2	113	6	10	173	8	8	2
72796	0	36	36	113	1	262	113	7	113	9	10	173	16	8	1
72796	0	47	47	113	1	34	113	3	113	6	10	173	32	8	4
72956	0	40	40	129	1	214	129	5	129	7	10	173	16	8	0
73036	0	20	20	137	1	94	137	5	138	5	10	173	8	8	1
73036	0	25	25	137	1	188	137	9	138	3	10	173	8	8	2
73116	0	50	50	145	1	7	145	8	145	9	10	173	8	8	5
73196	0	37	37	153	1	279	153	8	154	1	10	173	32	8	0
73276	0	43	43	161	1	318	161	4	162	5	10	173	24	8	0
73356	0	34	34	169	1	190	170	1	170	5	10	173	24	8	4
73436	0	44	44	177	1	109	177	5	178	4	10	173	24	8	7
73516	0	28	28	185	1	311	185	8	186	3	10	173	40	8	6
73516	0	34	34	185	1	172	185	8	186	3	10	173	8	8	5
73596	0	47	47	193	1	195	193	1	193	4	10	173	24	8	5
73676	0	32	32	201	1	219	201	10	202	2	10	173	40	8	3
73756	0	40	40	209	1	346	209	2	210	1	10	173	0	8	7
73916	0	50	50	225	1	239	226	5	226	6	10	173	16	8	2
73996	0	20	20	233	1	153	233	4	233	10	10	173	32	8	0
74076	0	25	25	241	1	289	241	2	241	6	10	173	24	8	2
74156	0	37	37	249	1	332	249	3	250	3	10	173	8	8	2
74236	0	34	34	257	1	209	257	2	258	6	10	173	8	8	1
74316	0	9	9	265	1	159	265	10	266	6	10	173	8	8	3
74316	0	31	31	265	1	224	265	1	266	6	10	173	8	8	4
74316	0	41	41	265	1	319	265	5	266	6	10	173	0	8	0
74316	0	43	43	265	1	246	265	7	265	8	10	173	32	8	6
74316	0	44	44	265	1	117	265	6	266	4	10	173	16	8	5
74396	0	28	28	273	1	324	273	5	274	1	10	173	40	8	7
74396	0	48	48	273	1	243	273	4	273	5	10	173	32	8	0
74556	0	31	31	289	1	163	289	4	290	5	10	173	24	8	1
74636	0	40	40	297	1	20	297	5	297	7	10	173	32	8	6
74716	0	50	50	305	1	222	306	3	306	5	10	173	8	8	3
74796	0	45	45	313	1	205	314	1	314	4	10	173	24	8	5
74956	0	14	14	329	1	130	329	3	330	2	10	173	32	8	4
74956	0	20	20	329	1	208	329	1	330	5	10	173	8	8	2
75036	0	25	25	337	1	160	337	1	338	2	10	173	32	8	6
75036	0	37	37	337	1	48	337	1	337	5	10	173	16	8	3
75036	0	38	38	337	1	300	337	1	338	3	10	173	32	8	5
75116	0	9	9	345	1	114	345	3	346	1	10	173	8	8	6
75116	0	34	34	345	1	126	345	7	346	5	10	173	24	8	4
75116	0	41	41	345	1	224	345	1	346	6	10	173	32	8	4
75196	0	31	31	353	1	266	354	1	354	3	10	173	8	8	1
75276	0	43	43	361	1	8	361	9	361	10	10	173	8	8	3
75276	0	44	44	361	1	131	361	4	362	3	10	173	0	8	0
75276	0	47	47	361	1	326	361	7	362	3	10	173	24	8	0
75276	0	48	48	361	1	202	361	8	362	1	10	173	0	8	0
75356	0	28	28	369	1	306	369	3	369	8	10	173	16	8	0
75436	0	32	32	377	1	62	377	3	378	5	10	173	8	8	3
75516	0	39	39	385	1	328	385	9	386	5	10	173	24	8	0
75756	0	36	36	409	1	16	409	1	409	3	10	173	24	8	0
75916	0	9	9	425	1	165	425	1	425	6	10	173	40	8	6
75916	0	20	20	425	1	240	425	1	425	2	10	173	40	8	5
75916	0	34	34	425	1	133	425	6	426	5	10	173	40	8	3
75916	0	41	41	425	1	33	425	2	425	5	10	173	40	8	0
75996	0	37	37	433	1	312	433	9	434	4	10	173	24	8	0
76076	0	25	25	441	1	31	441	2	442	6	10	173	8	8	5
76076	0	47	47	441	1	335	441	6	442	6	10	173	0	8	3
76156	0	44	44	449	1	45	449	1	450	4	10	173	24	8	6
76156	0	48	48	449	1	231	449	7	449	8	10	173	8	8	6
76316	0	28	28	465	1	79	465	5	466	6	10	173	8	8	4
76316	0	32	32	465	1	260	465	5	465	7	10	173	40	8	0
76316	0	40	40	465	1	107	465	3	466	2	10	173	8	8	0
76316	0	43	43	465	1	24	465	9	466	1	10	173	24	8	4
76396	0	50	50	473	1	144	473	1	474	1	10	173	24	8	3
77516	0	10	10	585	1	134	585	7	586	6	10	173	8	8	7
77676	0	24	24	601	1	238	602	4	602	5	10	173	8	8	3
77676	0	45	45	601	1	175	602	1	602	6	10	173	16	8	5
77756	0	31	31	609	1	95	609	6	610	6	10	173	0	8	3
77756	0	36	36	609	1	300	609	1	610	3	10	173	16	8	3
77756	0	47	47	609	1	199	609	5	609	8	10	173	0	8	3
77836	0	20	20	617	1	162	617	3	618	4	10	173	40	8	0
77836	0	37	37	617	1	105	617	1	617	10	10	173	8	8	4
77916	0	44	44	625	1	56	625	9	626	3	10	173	8	8	1
77916	0	48	48	625	1	195	625	1	625	4	10	173	40	8	1
77996	0	25	25	633	1	187	633	8	634	2	10	173	40	8	6
77996	0	32	32	633	1	146	633	3	634	3	10	173	16	8	0
77996	0	40	40	633	1	40	633	9	634	2	10	173	8	8	0
77996	0	50	50	633	1	281	633	10	634	3	10	173	0	8	1
78156	0	28	28	649	1	197	649	3	649	6	10	173	0	8	6
78236	0	14	14	657	1	72	657	9	658	4	10	173	24	8	4
78236	0	43	43	657	1	53	657	6	657	10	10	173	8	8	0
78316	0	9	9	665	1	92	665	3	666	3	10	173	0	8	5
78316	0	41	41	665	1	108	665	4	666	3	10	173	32	8	5
78396	0	38	38	673	1	246	673	7	673	8	10	173	8	8	3
78556	0	8	8	689	1	112	689	1	689	9	10	173	8	8	4
78636	0	31	31	697	1	128	697	1	697	10	10	173	0	8	1
78796	0	20	20	713	1	78	713	4	714	5	10	173	24	8	1
78796	0	37	37	713	1	38	713	7	713	10	10	173	32	8	2
78796	0	40	40	713	1	263	713	8	713	10	10	173	24	8	2
78796	0	44	44	713	1	184	713	5	713	9	10	173	8	8	6
78796	0	48	48	713	1	267	714	2	714	4	10	173	8	8	6
78796	0	50	50	713	1	128	713	1	713	10	10	173	40	8	5
78876	0	32	32	721	1	291	721	4	721	8	10	173	16	8	0
79036	0	14	14	737	1	90	737	1	738	1	10	173	40	8	6
79036	0	25	25	737	1	86	737	7	738	3	10	173	32	8	4
79116	0	28	28	745	1	54	745	7	746	1	10	173	0	8	6
79196	0	9	9	753	1	175	754	1	754	6	10	173	0	8	1
79196	0	41	41	753	1	81	753	2	753	8	10	173	32	8	3
79276	0	38	38	761	1	290	761	3	761	7	10	173	24	8	6
79276	0	43	43	761	1	152	761	3	761	9	10	173	8	8	6
79436	0	34	34	777	1	336	777	1	777	8	10	173	8	8	6
79436	0	47	47	777	1	20	777	5	777	7	10	173	0	8	5
79596	0	45	45	793	1	14	794	5	794	6	10	173	40	8	4
80556	0	5	5	889	1	29	890	4	890	6	10	173	32	8	5
80636	0	37	37	897	1	283	898	2	898	5	10	173	8	8	1
80716	0	14	14	905	1	169	905	5	905	10	10	173	8	8	5
80716	0	20	20	905	1	351	905	7	906	6	10	173	16	8	2
80796	0	9	9	913	1	107	913	3	914	2	10	173	24	8	1
80796	0	41	41	913	1	164	913	5	914	6	10	173	0	8	0
80956	0	38	38	929	1	213	929	4	929	6	10	173	0	8	0
81116	0	34	34	945	1	77	945	3	946	4	10	173	8	8	2
81116	0	47	47	945	1	157	945	8	946	4	10	173	8	8	5
81196	0	50	50	953	1	325	953	6	954	2	10	173	8	8	5
81276	0	31	31	961	1	150	961	1	961	7	10	173	24	8	7
81276	0	43	43	961	1	28	962	3	962	5	10	173	8	8	4
81356	0	48	48	969	1	290	969	3	969	7	10	173	8	8	3
81436	0	45	45	977	1	55	977	8	978	2	10	173	0	8	2
81516	0	26	26	985	1	252	986	3	986	4	10	173	8	8	6
81516	0	32	32	985	1	350	985	6	986	5	10	173	16	8	7
81596	0	41	41	993	1	245	993	6	993	7	10	173	32	8	1
81676	0	20	20	1001	1	214	1001	5	1001	7	10	173	0	8	1
81836	0	38	38	1017	1	115	1017	4	1018	2	10	173	8	8	4
81996	0	34	34	9	1	141	9	7	10	4	10	173	8	8	7
81996	0	47	47	9	1	70	9	7	10	2	10	173	40	8	3
81996	0	50	50	9	1	345	9	1	9	10	10	173	16	8	5
82076	0	31	31	17	1	164	17	5	18	6	10	173	24	8	0
82236	0	43	43	33	1	109	33	5	34	4	10	173	40	8	4
82236	0	48	48	33	1	126	33	7	34	5	10	173	24	8	7
82316	0	14	14	41	1	261	41	6	41	8	10	173	32	8	5
82316	0	32	32	41	1	103	41	8	42	5	10	173	16	8	4
82396	0	9	9	49	1	269	50	4	50	6	10	173	16	8	7
82396	0	45	45	49	1	212	49	3	49	5	10	173	24	8	6
82476	0	37	37	57	1	182	57	3	57	7	10	173	16	8	7
82556	0	47	47	65	1	90	65	1	66	1	10	173	8	8	7
82636	0	20	20	73	1	272	73	1	73	4	10	173	16	8	0
82636	0	38	38	73	1	231	73	7	73	8	10	173	8	8	3
82716	0	36	36	81	1	299	82	2	82	6	10	173	40	8	5
82796	0	47	47	89	1	300	89	1	90	3	10	173	40	8	0
82796	0	50	50	89	1	4	89	5	89	6	10	173	40	8	1
82876	0	34	34	97	1	90	97	1	98	1	10	173	40	8	5
82956	0	31	31	105	1	237	106	3	106	4	10	173	16	8	5
83036	0	25	25	113	1	281	113	10	114	3	10	173	16	8	4
83036	0	40	40	113	1	134	113	7	114	6	10	173	8	8	1
83116	0	14	14	121	1	74	122	1	122	6	10	173	32	8	3
83116	0	48	48	121	1	271	121	2	122	6	10	173	24	8	2
83196	0	9	9	129	1	69	129	6	130	1	10	173	40	8	7
83196	0	32	32	129	1	106	129	2	130	1	10	173	8	8	3
83196	0	44	44	129	1	52	129	5	129	9	10	173	8	8	6
83276	0	41	41	137	1	158	137	9	138	5	10	173	40	8	4
83276	0	43	43	137	1	124	137	5	138	3	10	173	40	8	4
83356	0	45	45	145	1	161	145	2	146	3	10	173	32	8	5
83436	0	37	37	153	1	106	153	2	154	1	10	173	32	8	0
83516	0	18	18	161	1	62	161	3	162	5	10	173	0	8	3
83596	0	20	20	169	1	306	169	3	169	8	10	173	40	8	7
83596	0	47	47	169	1	171	169	7	170	2	10	173	8	8	4
83596	0	50	50	169	1	31	169	2	170	6	10	173	40	8	0
83756	0	34	34	185	1	2	185	3	185	4	10	173	40	8	5
83836	0	31	31	193	1	295	193	8	194	2	10	173	8	8	0
83836	0	40	40	193	1	95	193	6	194	6	10	173	16	8	0
83916	0	24	24	201	1	62	201	3	202	5	10	173	16	8	2
83996	0	9	9	209	1	286	209	2	210	5	10	173	32	8	7
83996	0	14	14	209	1	155	209	6	210	2	10	173	16	8	7
83996	0	25	25	209	1	160	209	1	210	2	10	173	16	8	0
83996	0	48	48	209	1	218	209	9	210	1	10	173	0	8	7
84076	0	32	32	217	1	316	217	2	218	3	10	173	32	8	0
84076	0	41	41	217	1	324	217	5	218	1	10	173	24	8	3
84076	0	44	44	217	1	279	217	8	218	1	10	173	0	8	3
84236	0	43	43	233	1	349	233	5	234	4	10	173	0	8	2
84316	0	37	37	241	1	91	241	2	242	2	10	173	24	8	4
84316	0	45	45	241	1	342	241	7	242	4	10	173	24	8	5
84396	0	38	38	249	1	90	249	1	250	1	10	173	0	8	4
84556	0	7	7	265	1	230	265	6	265	7	10	173	40	8	2
84716	0	31	31	281	1	37	281	6	281	9	10	173	32	8	2
84716	0	40	40	281	1	164	281	5	282	6	10	173	8	8	7
84796	0	9	9	289	1	38	289	7	289	10	10	173	0	8	5
84796	0	14	14	289	1	152	289	3	289	9	10	173	24	8	1
84796	0	48	48	289	1	349	289	5	290	4	10	173	24	8	2
84876	0	41	41	297	1	3	297	4	297	5	10	173	8	8	6
84956	0	25	25	305	1	349	305	5	306	4	10	173	32	8	7
84956	0	32	32	305	1	201	305	7	305	10	10	173	24	8	4
84956	0	44	44	305	1	45	305	1	306	4	10	173	16	8	4
85196	0	38	38	329	1	194	329	3	330	6	10	173	8	8	0
85196	0	50	50	329	1	262	329	7	329	9	10	173	8	8	5
85276	0	37	37	337	1	324	337	5	338	1	10	173	16	8	3
85276	0	43	43	337	1	202	337	8	338	1	10	173	32	8	6
85276	0	45	45	337	1	245	337	6	337	7	10	173	8	8	1
85276	0	47	47	337	1	308	337	5	337	10	10	173	8	8	7
85436	0	34	34	353	1	119	353	8	354	6	10	173	16	8	7
85516	0	20	20	361	1	172	361	8	362	3	10	173	8	8	1
85516	0	41	41	361	1	252	362	3	362	4	10	173	32	8	1
85596	0	14	14	369	1	36	369	5	369	8	10	173	0	8	5
85676	0	41	41	377	1	98	377	3	377	10	10	173	0	8	3
85676	0	48	48	377	1	91	377	2	378	2	10	173	24	8	3
85836	0	32	32	393	1	329	393	10	394	6	10	173	16	8	6
85916	0	44	44	401	1	48	401	1	401	5	10	173	8	8	3
85996	0	50	50	409	1	112	409	1	409	9	10	173	40	8	4
86076	0	38	38	417	1	287	417	3	418	6	10	173	32	8	3
86156	0	47	47	425	1	27	426	2	426	4	10	173	8	8	1
86236	0	37	37	433	1	283	434	2	434	5	10	173	16	8	7
86236	0	43	43	433	1	334	433	5	434	5	10	173	40	8	2
86236	0	45	45	433	1	342	433	7	434	4	10	173	24	8	0
86316	0	34	34	441	1	348	441	4	442	3	10	173	24	8	3
86396	0	31	31	449	1	0	449	1	449	2	10	173	40	8	0
86476	0	20	20	457	1	262	457	7	457	9	10	173	40	8	7
86556	0	31	31	465	1	253	466	4	466	5	10	173	24	8	1
86716	0	32	32	481	1	154	481	5	482	1	10	173	16	8	5
86796	0	44	44	489	1	272	489	1	489	4	10	173	32	8	4
86796	0	50	50	489	1	130	489	3	490	2	10	173	32	8	4
86956	0	25	25	505	1	300	505	1	506	3	10	173	0	8	6
86956	0	38	38	505	1	73	505	10	506	5	10	173	16	8	3
86956	0	47	47	505	1	139	505	5	506	2	10	173	16	8	7
87116	0	37	37	521	1	72	521	9	522	4	10	173	8	8	7
87196	0	9	9	529	1	186	529	7	530	1	10	173	8	8	1
87196	0	34	34	529	1	333	529	4	530	4	10	173	0	8	6
87196	0	40	40	529	1	63	529	4	530	6	10	173	8	8	1
87196	0	45	45	529	1	320	529	1	529	7	10	173	8	8	1
87276	0	14	14	537	1	180	537	1	537	5	10	173	16	8	4
87276	0	31	31	537	1	233	537	9	537	10	10	173	24	8	3
87276	0	43	43	537	1	238	538	4	538	5	10	173	24	8	2
87356	0	41	41	545	1	315	545	1	546	2	10	173	24	8	1
87436	0	48	48	553	1	119	553	8	554	6	10	173	32	8	3
87516	0	20	20	561	1	145	561	2	562	2	10	173	24	8	0
87516	0	42	42	561	1	50	561	3	561	7	10	173	40	8	3
87596	0	50	50	569	1	323	569	4	569	10	10	173	8	8	7
87676	0	44	44	577	1	265	577	10	578	2	10	173	32	8	2
87756	0	38	38	585	1	235	586	1	586	2	10	173	40	8	3
87836	0	47	47	593	1	36	593	5	593	8	10	173	16	8	5
87996	0	9	9	609	1	47	609	3	610	6	10	173	8	8	3
87996	0	25	25	609	1	117	609	6	610	4	10	173	24	8	1
88076	0	14	14	617	1	206	618	2	618	5	10	173	40	8	4
88076	0	34	34	617	1	7	617	8	617	9	10	173	32	8	7
88076	0	37	37	617	1	284	618	3	618	6	10	173	40	8	2
88076	0	40	40	617	1	342	617	7	618	4	10	173	0	8	5
88156	0	31	31	625	1	318	625	4	626	5	10	173	8	8	6
88156	0	41	41	625	1	71	625	8	626	3	10	173	24	8	6
88156	0	45	45	625	1	134	625	7	626	6	10	173	0	8	4
88236	0	43	43	633	1	44	634	3	634	6	10	173	16	8	0
88316	0	48	48	641	1	152	641	3	641	9	10	173	8	8	6
88396	0	24	24	649	1	228	649	4	649	5	10	173	24	8	0
88396	0	32	32	649	1	160	649	1	650	2	10	173	24	8	0
88476	0	20	20	657	1	213	657	4	657	6	10	173	24	8	2
88556	0	32	32	665	1	127	665	8	666	6	10	173	0	8	0
88636	0	36	36	673	1	25	673	10	674	2	10	173	24	8	1
88636	0	38	38	673	1	282	674	1	674	4	10	173	8	8	7
88796	0	9	9	689	1	306	689	3	689	8	10	173	24	8	5
88876	0	14	14	697	1	40	697	9	698	2	10	173	24	8	2
88876	0	34	34	697	1	134	697	7	698	6	10	173	8	8	6
88876	0	40	40	697	1	323	697	4	697	10	10	173	32	8	2
88956	0	25	25	705	1	316	705	2	706	3	10	173	8	8	6
88956	0	37	37	705	1	239	706	5	706	6	10	173	0	8	5
89036	0	31	31	713	1	275	713	4	713	7	10	173	24	8	0
89116	0	45	45	721	1	203	721	9	722	2	10	173	0	8	5
89196	0	43	43	729	1	259	729	4	729	6	10	173	16	8	3
89196	0	48	48	729	1	144	729	1	730	1	10	173	8	8	0
89196	0	50	50	729	1	256	729	1	729	3	10	173	16	8	1
89276	0	32	32	737	1	135	737	1	737	8	10	173	32	8	5
89356	0	28	28	745	1	202	745	8	746	1	10	173	40	8	7
89436	0	20	20	753	1	144	753	1	754	1	10	173	16	8	5
89436	0	44	44	753	1	224	753	1	754	6	10	173	24	8	1
89516	0	17	17	761	1	90	761	1	762	1	10	173	0	8	3
89676	0	9	9	777	1	319	777	5	778	6	10	173	16	8	2
89676	0	40	40	777	1	216	777	7	777	9	10	173	8	8	0
89756	0	14	14	785	1	222	786	3	786	5	10	173	16	8	1
89756	0	34	34	785	1	98	785	3	785	10	10	173	32	8	3
89916	0	25	25	801	1	223	802	4	802	6	10	173	32	8	0
89916	0	31	31	801	1	140	801	6	802	3	10	173	8	8	2
89916	0	37	37	801	1	195	801	1	801	4	10	173	40	8	2
89996	0	45	45	809	1	215	809	6	809	8	10	173	0	8	2
89996	0	48	48	809	1	298	810	1	810	5	10	173	16	8	3
90156	0	32	32	825	1	58	826	1	826	5	10	173	24	8	7
90236	0	43	43	833	1	226	833	2	833	3	10	173	8	8	5
90316	0	38	38	841	1	170	841	6	842	1	10	173	16	8	7
90316	0	44	44	841	1	6	841	7	841	8	10	173	32	8	7
90316	0	47	47	841	1	259	841	4	841	6	10	173	32	8	6
90396	0	20	20	849	1	323	849	4	849	10	10	173	16	8	5
90556	0	46	46	865	1	316	865	2	866	3	10	173	40	8	0
90636	0	34	34	873	1	192	873	1	874	4	10	173	0	8	5
90796	0	31	31	889	1	251	890	2	890	3	10	173	0	8	7
90796	0	50	50	889	1	0	889	1	889	2	10	173	0	8	2
90876	0	37	37	897	1	344	897	9	898	6	10	173	0	8	7
90876	0	48	48	897	1	228	897	4	897	5	10	173	32	8	7
90956	0	25	25	905	1	134	905	7	906	6	10	173	24	8	3
90956	0	45	45	905	1	155	905	6	906	2	10	173	0	8	2
91036	0	32	32	913	1	260	913	5	913	7	10	173	16	8	0
91116	0	47	47	921	1	228	921	4	921	5	10	173	32	8	2
91196	0	28	28	929	1	150	929	1	929	7	10	173	40	8	0
91196	0	38	38	929	1	132	929	5	930	4	10	173	16	8	5
91196	0	43	43	929	1	252	930	3	930	4	10	173	8	8	4
91196	0	44	44	929	1	279	929	8	930	1	10	173	24	8	7
91276	0	9	9	937	1	287	937	3	938	6	10	173	32	8	0
91356	0	14	14	945	1	10	946	1	946	2	10	173	40	8	5
91356	0	20	20	945	1	50	945	3	945	7	10	173	8	8	4
91356	0	40	40	945	1	242	945	3	945	4	10	173	32	8	1
91436	0	41	41	953	1	25	953	10	954	2	10	173	16	8	6
91516	0	12	12	961	1	305	961	2	961	7	10	173	16	8	3
91596	0	31	31	969	1	86	969	7	970	3	10	173	32	8	4
91596	0	36	36	969	1	39	969	8	970	1	10	173	0	8	0
91756	0	37	37	985	1	10	986	1	986	2	10	173	24	8	4
91756	0	48	48	985	1	136	985	2	985	9	10	173	24	8	0
91916	0	25	25	1001	1	154	1001	5	1002	1	10	173	16	8	4
91916	0	32	32	1001	1	347	1001	3	1002	2	10	173	40	8	2
91916	0	45	45	1001	1	23	1001	8	1001	10	10	173	32	8	1
91996	0	47	47	1009	1	54	1009	7	1010	1	10	173	40	8	2
92076	0	9	9	1017	1	160	1017	1	1018	2	10	173	16	8	7
92076	0	38	38	1017	1	251	1018	2	1018	3	10	173	0	8	3
92076	0	44	44	1017	1	202	1017	8	1018	1	10	173	32	8	7
92236	0	14	14	9	1	69	9	6	10	1	10	173	0	8	0
92236	0	40	40	9	1	200	9	6	9	9	10	173	16	8	5
92236	0	43	43	9	1	316	9	2	10	3	10	173	0	8	2
92316	0	20	20	17	1	342	17	7	18	4	10	173	16	8	6
92396	0	50	50	25	1	265	25	10	26	2	10	173	8	8	5
92556	0	11	11	41	1	41	41	10	42	3	10	173	32	8	6
92636	0	48	48	49	1	81	49	2	49	8	10	173	24	8	7
92716	0	37	37	57	1	146	57	3	58	3	10	173	0	8	1
92796	0	32	32	65	1	310	65	7	66	2	10	173	32	8	7
92796	0	47	47	65	1	314	66	1	66	6	10	173	24	8	4
92876	0	9	9	73	1	112	73	1	73	9	10	173	8	8	6
92876	0	38	38	73	1	96	73	1	73	8	10	173	0	8	4
92876	0	45	45	73	1	47	73	3	74	6	10	173	24	8	4
92956	0	25	25	81	1	281	81	10	82	3	10	173	32	8	0
92956	0	44	44	81	1	205	82	1	82	4	10	173	16	8	0
93036	0	14	14	89	1	337	89	2	89	9	10	173	24	8	3
93036	0	40	40	89	1	219	89	10	90	2	10	173	16	8	2
93036	0	41	41	89	1	2	89	3	89	4	10	173	24	8	2
93116	0	28	28	97	1	323	97	4	97	10	10	173	0	8	6
93196	0	50	50	105	1	47	105	3	106	6	10	173	40	8	7
93276	0	20	20	113	1	287	113	3	114	6	10	173	16	8	2
93356	0	31	31	121	1	205	122	1	122	4	10	173	40	8	7
93516	0	10	10	137	1	11	138	2	138	3	10	173	16	8	7
93596	0	32	32	145	1	273	145	2	145	5	10	173	32	8	5
93596	0	36	36	145	1	270	145	1	146	5	10	173	24	8	1
93676	0	9	9	153	1	147	153	4	154	4	10	173	0	8	0
93676	0	37	37	153	1	149	153	6	154	6	10	173	24	8	4
93676	0	47	47	153	1	40	153	9	154	2	10	173	32	8	7
93756	0	38	38	161	1	199	161	5	161	8	10	173	40	8	5
93836	0	14	14	169	1	211	169	2	169	4	10	173	0	8	6
93836	0	41	41	169	1	316	169	2	170	3	10	173	0	8	1
93836	0	44	44	169	1	110	169	6	170	5	10	173	16	8	6
93836	0	45	45	169	1	115	169	4	170	2	10	173	40	8	4
93916	0	25	25	177	1	232	177	8	177	9	10	173	8	8	0
93916	0	40	40	177	1	199	177	5	177	8	10	173	24	8	5
93996	0	28	28	185	1	321	185	2	185	8	10	173	24	8	3
93996	0	50	50	185	1	297	185	10	186	4	10	173	32	8	3
94236	0	20	20	209	1	0	209	1	209	2	10	173	32	8	7
94236	0	31	31	209	1	81	209	2	209	8	10	173	8	8	2
94236	0	43	43	209	1	233	209	9	209	10	10	173	8	8	0
94396	0	48	48	225	1	325	225	6	226	2	10	173	16	8	3
94556	0	36	36	241	1	140	241	6	242	3	10	173	8	8	0
94556	0	37	37	241	1	219	241	10	242	2	10	173	40	8	0
94636	0	14	14	249	1	92	249	3	250	3	10	173	24	8	4
94716	0	44	44	257	1	137	257	3	257	10	10	173	32	8	5
94796	0	45	45	265	1	234	265	10	266	1	10	173	8	8	4
94796	0	50	50	265	1	269	266	4	266	6	10	173	16	8	5
94956	0	28	28	281	1	258	281	3	281	5	10	173	32	8	0
95196	0	43	43	305	1	223	306	4	306	6	10	173	8	8	7
95196	0	48	48	305	1	218	305	9	306	1	10	173	0	8	3
95356	0	32	32	321	1	295	321	8	322	2	10	173	0	8	7
95356	0	47	47	321	1	60	321	1	322	3	10	173	40	8	1
95436	0	38	38	329	1	113	329	2	329	10	10	173	0	8	3
95516	0	3	3	337	1	184	337	5	337	9	10	173	40	8	5
95516	0	37	37	337	1	67	337	4	337	9	10	173	32	8	7
95596	0	36	36	345	1	3	345	4	345	5	10	173	32	8	6
95596	0	44	44	345	1	255	345	1	346	6	10	173	40	8	4
95596	0	50	50	345	1	322	345	3	345	9	10	173	0	8	0
95756	0	45	45	361	1	76	361	2	362	3	10	173	16	8	0
96076	0	48	48	393	1	11	394	2	394	3	10	173	40	8	2
96156	0	47	47	401	1	25	401	10	402	2	10	173	24	8	2
96236	0	43	43	409	1	150	409	1	409	7	10	173	40	8	6
96316	0	38	38	417	1	251	418	2	418	3	10	173	0	8	6
96396	0	37	37	425	1	14	426	5	426	6	10	173	8	8	3
96476	0	24	24	433	1	337	433	2	433	9	10	173	32	8	6
96556	0	40	40	441	1	34	441	3	441	6	10	173	16	8	4
96716	0	45	45	457	1	11	458	2	458	3	10	173	0	8	0
96796	0	28	28	465	1	242	465	3	465	4	10	173	16	8	2
96876	0	9	9	473	1	209	473	2	474	6	10	173	24	8	0
96876	0	25	25	473	1	125	473	6	474	4	10	173	40	8	2
97036	0	47	47	489	1	254	490	5	490	6	10	173	0	8	3
97116	0	32	32	497	1	185	497	6	497	10	10	173	24	8	0
97196	0	43	43	505	1	178	505	3	506	5	10	173	40	8	4
97196	0	50	50	505	1	160	505	1	506	2	10	173	40	8	5
97276	0	40	40	513	1	110	513	6	514	5	10	173	0	8	0
97436	0	44	44	529	1	309	529	6	530	1	10	173	32	8	5
97516	0	6	6	537	1	233	537	9	537	10	10	173	24	8	0
97516	0	36	36	537	1	118	537	7	538	5	10	173	24	8	6
97676	0	9	9	553	1	94	553	5	554	5	10	173	24	8	2
97676	0	31	31	553	1	47	553	3	554	6	10	173	16	8	1
97676	0	45	45	553	1	85	553	6	554	2	10	173	8	8	1
97836	0	47	47	569	1	69	569	6	570	1	10	173	8	8	6
97836	0	48	48	569	1	348	569	4	570	3	10	173	40	8	7
97996	0	14	14	585	1	311	585	8	586	3	10	173	24	8	5
97996	0	32	32	585	1	45	585	1	586	4	10	173	16	8	5
97996	0	38	38	585	1	202	585	8	586	1	10	173	40	8	7
97996	0	50	50	585	1	146	585	3	586	3	10	173	24	8	6
98076	0	20	20	593	1	182	593	3	593	7	10	173	16	8	3
98236	0	43	43	609	1	295	609	8	610	2	10	173	24	8	5
98316	0	37	37	617	1	24	617	9	618	1	10	173	0	8	4
98316	0	44	44	617	1	108	617	4	618	3	10	173	32	8	6
98556	0	6	6	641	1	227	641	3	641	4	10	173	32	8	6
98716	0	28	28	657	1	208	657	1	658	5	10	173	40	8	3
98716	0	41	41	657	1	70	657	7	658	2	10	173	40	8	7
98716	0	47	47	657	1	69	657	6	658	1	10	173	24	8	7
98716	0	48	48	657	1	32	657	1	657	4	10	173	24	8	1
98796	0	14	14	665	1	227	665	3	665	4	10	173	24	8	4
98796	0	32	32	665	1	341	665	6	666	3	10	173	32	8	1
98796	0	50	50	665	1	196	665	2	665	5	10	173	24	8	5
98876	0	25	25	673	1	46	673	2	674	5	10	173	24	8	1
98876	0	38	38	673	1	282	674	1	674	4	10	173	0	8	0
98956	0	40	40	681	1	204	681	10	682	3	10	173	24	8	3
99036	0	20	20	689	1	317	689	3	690	4	10	173	16	8	3
99196	0	37	37	705	1	102	705	7	706	4	10	173	24	8	5
99196	0	44	44	705	1	18	705	3	705	5	10	173	8	8	6
99356	0	9	9	721	1	344	721	9	722	6	10	173	40	8	7
99436	0	31	31	729	1	27	730	2	730	4	10	173	40	8	0
99516	0	36	36	737	1	136	737	2	737	9	10	173	40	8	0
99516	0	39	39	737	1	48	737	1	737	5	10	173	40	8	5
99516	0	45	45	737	1	74	738	1	738	6	10	173	24	8	3
99596	0	14	14	745	1	209	745	2	746	6	10	173	32	8	4
99596	0	50	50	745	1	340	745	5	746	2	10	173	16	8	4
99676	0	32	32	753	1	289	753	2	753	6	10	173	0	8	4
99756	0	38	38	761	1	241	761	2	761	3	10	173	0	8	0
99756	0	40	40	761	1	276	761	5	761	8	10	173	24	8	0
99916	0	25	25	777	1	300	777	1	778	3	10	173	24	8	7
99996	0	20	20	785	1	103	785	8	786	5	10	173	24	8	7
